# 2Theta,Intensity
1.000000000000000000e+01,1.602777489285435453e-01
1.001999999999999957e+01,7.622763440049502848e-02
1.003999999999999915e+01,2.129170203824729268e-01
1.006000000000000050e+01,-3.567196419019802445e-02
1.008000000000000007e+01,9.664352743151324865e-02
1.009999999999999964e+01,-3.300957106757239357e-02
1.011999999999999922e+01,2.077434511546712992e-01
1.014000000000000057e+01,-1.011909749657851076e-01
1.016000000000000014e+01,1.487493960507973445e-01
1.017999999999999972e+01,3.574056279219637311e-01
1.019999999999999929e+01,9.774507081033873002e-02
1.022000000000000064e+01,1.177615108029343438e-01
1.024000000000000021e+01,3.341929414788416541e-01
1.025999999999999979e+01,2.148446087233593094e-01
1.027999999999999936e+01,3.603447543617637749e-01
1.030000000000000071e+01,4.587499457357950838e-01
1.032000000000000028e+01,2.098957557461493817e+00
1.033999999999999986e+01,5.942734371568368701e+00
1.035999999999999943e+01,1.040150130825488617e+01
1.038000000000000078e+01,1.010808298948748707e+01
1.040000000000000036e+01,5.703736178912353516e+00
1.041999999999999993e+01,1.369255435892140493e+00
1.043999999999999950e+01,6.797852323395681129e-01
1.046000000000000085e+01,2.050587471011827145e-01
1.048000000000000043e+01,-7.885926842727472574e-02
1.050000000000000000e+01,2.711900731220764360e-01
1.051999999999999957e+01,1.151508513305028181e-01
1.053999999999999915e+01,3.961362253413712453e-02
1.056000000000000050e+01,8.624270381182928824e-02
1.058000000000000007e+01,9.408345168244083845e-02
1.059999999999999964e+01,-3.148266121853740551e-02
1.061999999999999922e+01,3.098076606174601441e-02
1.064000000000000057e+01,-5.036448467546485175e-02
1.066000000000000014e+01,1.260134519984583701e-01
1.067999999999999972e+01,-5.288302089270444789e-02
1.069999999999999929e+01,9.668734999321637602e-02
1.072000000000000064e+01,-2.575008632735832984e-02
1.074000000000000021e+01,-5.749309556295037135e-03
1.075999999999999979e+01,-2.864530082717352960e-02
1.077999999999999936e+01,-1.408478370696528703e-01
1.080000000000000071e+01,9.741856833080715650e-02
1.082000000000000028e+01,1.381255658699518940e-01
1.083999999999999986e+01,-2.202918759842998134e-02
1.085999999999999943e+01,1.450731623151989003e-01
1.088000000000000078e+01,1.268183781180325931e-01
1.090000000000000036e+01,1.432519251314495756e-01
1.091999999999999993e+01,9.683048548167412506e-02
1.093999999999999950e+01,9.716328915301446212e-02
1.096000000000000085e+01,1.821594970801029556e-01
1.098000000000000043e+01,5.213785436610550439e-02
1.100000000000000000e+01,1.128371065000455947e-01
1.101999999999999957e+01,8.422376504903271444e-02
1.103999999999999915e+01,1.774855044660237496e-02
1.106000000000000050e+01,-1.266775139749091728e-01
1.108000000000000007e+01,3.097753913575151952e-01
1.109999999999999964e+01,5.876070217485310915e-02
1.112000000000000099e+01,1.993810009686733387e-02
1.114000000000000057e+01,2.727330056635634582e-03
1.116000000000000014e+01,9.485158046273685362e-02
1.117999999999999972e+01,1.102936175572794414e-01
1.119999999999999929e+01,1.996043908375577380e-01
1.122000000000000064e+01,1.923665658222974695e-01
1.124000000000000021e+01,2.546811970262057301e-01
1.125999999999999979e+01,5.200918294966760773e-03
1.127999999999999936e+01,1.423560339775543082e-01
1.130000000000000071e+01,1.561408607853181571e-02
1.132000000000000028e+01,3.317334225889082000e-02
1.133999999999999986e+01,-3.008727797292784847e-02
1.135999999999999943e+01,-3.194622518036335790e-02
1.138000000000000078e+01,1.634387800355419362e-01
1.140000000000000036e+01,1.748439928140806121e-01
1.141999999999999993e+01,1.063700335507043460e-01
1.143999999999999950e+01,1.141247432692632097e-01
1.146000000000000085e+01,-6.745004180089060608e-02
1.148000000000000043e+01,-1.644295612457272659e-03
1.150000000000000000e+01,1.155815255518790052e-01
1.151999999999999957e+01,1.275930405078909979e-01
1.153999999999999915e+01,2.216624960022721413e-02
1.156000000000000050e+01,8.116434735219031638e-02
1.158000000000000007e+01,-1.161623676220350648e-01
1.159999999999999964e+01,9.481745304397183605e-02
1.162000000000000099e+01,-2.541510192280104635e-02
1.164000000000000057e+01,1.051175030522531056e-02
1.166000000000000014e+01,6.442944398148398033e-02
1.167999999999999972e+01,9.115205011114184408e-02
1.169999999999999929e+01,1.190608669392555774e-01
1.172000000000000064e+01,-5.816171575110483383e-02
1.174000000000000021e+01,1.356994865573195042e-01
1.175999999999999979e+01,1.092017752316157969e-01
1.177999999999999936e+01,8.642841057720188069e-02
1.180000000000000071e+01,6.642932627083397712e-02
1.182000000000000028e+01,2.605391387512658308e-01
1.183999999999999986e+01,7.039644475391762524e-02
1.185999999999999943e+01,2.192512958202377515e-01
1.188000000000000078e+01,-4.811355693233537040e-02
1.190000000000000036e+01,-6.424078193426438488e-02
1.191999999999999993e+01,9.518331232547391774e-02
1.193999999999999950e+01,2.544947617825791403e-02
1.196000000000000085e+01,4.623532694426342460e-02
1.198000000000000043e+01,-3.805250435577973989e-02
1.200000000000000000e+01,6.890011474730728391e-03
1.201999999999999957e+01,-6.239693549959474811e-03
1.203999999999999915e+01,1.939413495895699058e-01
1.206000000000000050e+01,1.557067311564818979e-01
1.208000000000000007e+01,1.493415847976912458e-01
1.209999999999999964e+01,2.157919846527355523e-01
1.212000000000000099e+01,4.735329917586132004e-02
1.214000000000000057e+01,-1.754444718936544190e-01
1.216000000000000014e+01,-7.962658960557353338e-02
1.217999999999999972e+01,8.184242180320408511e-02
1.219999999999999929e+01,-2.047549837706285902e-01
1.222000000000000064e+01,1.120913521969696541e-01
1.224000000000000021e+01,-3.795868095483629495e-02
1.225999999999999979e+01,2.175272278390806835e-01
1.228000000000000114e+01,2.329521429284398260e-01
1.230000000000000071e+01,-4.956359803028071581e-02
1.232000000000000028e+01,1.569740796026303509e-01
1.233999999999999986e+01,1.039648689141020738e-01
1.235999999999999943e+01,-1.202221360156217611e-01
1.237999999999999901e+01,7.898965081260199417e-02
1.240000000000000036e+01,2.482065299582879581e-01
1.241999999999999993e+01,1.967368195863888336e-01
1.243999999999999950e+01,1.758291868819149284e-01
1.246000000000000085e+01,3.397761310954058867e-02
1.248000000000000043e+01,9.870486334553425778e-02
1.250000000000000000e+01,1.174074787864139435e-01
1.251999999999999957e+01,-1.170882904676415204e-01
1.253999999999999915e+01,1.299873888827227930e-01
1.256000000000000050e+01,3.750933982452220729e-04
1.258000000000000007e+01,4.157459246937749570e-02
1.259999999999999964e+01,1.477212207612762507e-01
1.262000000000000099e+01,1.258110422393391714e-01
1.264000000000000057e+01,1.954471855887351950e-01
1.266000000000000014e+01,8.465756180809991260e-02
1.267999999999999972e+01,1.118976187529140687e-01
1.269999999999999929e+01,1.161498200431766020e-01
1.272000000000000064e+01,1.122860330903654585e-01
1.274000000000000021e+01,1.688289157513246930e-01
1.275999999999999979e+01,9.397797993965349705e-02
1.278000000000000114e+01,1.550025584429134129e-01
1.280000000000000071e+01,1.114540549914167233e-01
1.282000000000000028e+01,2.117881834079917425e-01
1.283999999999999986e+01,3.610702441003703356e-02
1.285999999999999943e+01,2.315930254529637300e-01
1.287999999999999901e+01,1.098635783994299370e-01
1.290000000000000036e+01,3.257369852748915467e-02
1.291999999999999993e+01,8.689679746817811912e-02
1.293999999999999950e+01,6.178969439647666317e-02
1.296000000000000085e+01,5.133494278523188792e-02
1.298000000000000043e+01,1.818513081612248561e-01
1.300000000000000000e+01,-1.264261187960590560e-01
1.301999999999999957e+01,5.324211776399352669e-02
1.303999999999999915e+01,1.289643654738470424e-01
1.306000000000000050e+01,1.659948872189901115e-01
1.308000000000000007e+01,6.151940629867890670e-02
1.309999999999999964e+01,2.661982146689615900e-02
1.312000000000000099e+01,1.263571684404641293e-01
1.314000000000000057e+01,-2.996036678309502155e-02
1.316000000000000014e+01,1.145286531777064964e-01
1.317999999999999972e+01,1.333558677750523551e-02
1.319999999999999929e+01,1.582624918185134566e-01
1.322000000000000064e+01,2.282870360705012147e-01
1.324000000000000021e+01,1.253265452956228709e-01
1.325999999999999979e+01,-1.784461836261841405e-02
1.328000000000000114e+01,9.668977793634175866e-02
1.330000000000000071e+01,1.039939612470316549e-01
1.332000000000000028e+01,1.758727857305073528e-01
1.333999999999999986e+01,-9.503300769531287939e-02
1.335999999999999943e+01,9.761339671692552400e-02
1.337999999999999901e+01,1.564245779015182303e-01
1.340000000000000036e+01,2.375510275807335252e-03
1.341999999999999993e+01,6.022593843048169859e-02
1.343999999999999950e+01,6.276225764470710899e-02
1.346000000000000085e+01,1.487178563764159633e-01
1.348000000000000043e+01,1.644841493081955763e-01
1.350000000000000000e+01,8.916763277639132290e-02
1.351999999999999957e+01,6.562451451584408457e-02
1.353999999999999915e+01,-5.948749779265133375e-02
1.356000000000000050e+01,9.430693785767514659e-02
1.358000000000000007e+01,8.422622696056177027e-02
1.359999999999999964e+01,1.601152755784074344e-01
1.362000000000000099e+01,-2.417340036613224719e-02
1.364000000000000057e+01,-3.170852661540841944e-02
1.366000000000000014e+01,1.600898887587066111e-01
1.367999999999999972e+01,2.082437723359776768e-02
1.369999999999999929e+01,2.354598839931181242e-01
1.372000000000000064e+01,-1.166671637619768991e-02
1.374000000000000021e+01,1.636346799165978166e-02
1.375999999999999979e+01,2.050820001506795109e-01
1.378000000000000114e+01,-3.942513457107190561e-02
1.380000000000000071e+01,9.638859096096928647e-02
1.382000000000000028e+01,1.155293700658337336e-01
1.383999999999999986e+01,-3.482931527710161901e-03
1.385999999999999943e+01,2.926103313279891927e-01
1.387999999999999901e+01,1.909686778619271441e-01
1.390000000000000036e+01,6.445250960154119690e-02
1.391999999999999993e+01,1.330731124827109202e-01
1.393999999999999950e+01,1.947835114488477570e-01
1.396000000000000085e+01,3.073380656664251309e-01
1.398000000000000043e+01,1.046033632302126731e-01
1.400000000000000000e+01,9.035404843172004097e-02
1.401999999999999957e+01,1.252499479201308330e-01
1.403999999999999915e+01,2.565973703739045722e-02
1.406000000000000050e+01,1.197256021604434645e-01
1.408000000000000007e+01,4.778077304799692449e-02
1.409999999999999964e+01,4.793054323714718984e-02
1.412000000000000099e+01,1.293032599059786535e-02
1.414000000000000057e+01,9.591093544186297948e-02
1.416000000000000014e+01,1.419204757106270476e-01
1.417999999999999972e+01,-6.745617823216040754e-02
1.419999999999999929e+01,-3.378859113169885992e-02
1.421999999999999886e+01,-3.384369653022942931e-02
1.424000000000000021e+01,7.024062325737111256e-02
1.425999999999999979e+01,1.304614247979592745e-01
1.428000000000000114e+01,1.346017453700387445e-01
1.430000000000000071e+01,-1.150627582778549762e-01
1.432000000000000028e+01,6.288878532189344506e-02
1.433999999999999986e+01,1.284247188327998779e-01
1.435999999999999943e+01,-7.610062414365308114e-02
1.437999999999999901e+01,1.002797728057306936e-01
1.440000000000000036e+01,-3.896269463090419605e-02
1.441999999999999993e+01,1.784162801291154787e-01
1.444000000000000128e+01,-3.080984317387051863e-02
1.446000000000000085e+01,5.371490877952411064e-02
1.448000000000000043e+01,1.715735180817569427e-01
1.450000000000000000e+01,1.874973230706580285e-01
1.451999999999999957e+01,4.181309844200768559e-03
1.453999999999999915e+01,-8.255473407146367293e-02
1.456000000000000050e+01,9.053784013925110508e-02
1.458000000000000007e+01,-5.480183206983222678e-03
1.460000000000000142e+01,3.010406162116791538e-03
1.462000000000000099e+01,8.150590879056875127e-03
1.464000000000000057e+01,1.065547130112931562e-01
1.466000000000000014e+01,1.067566049719603609e-02
1.467999999999999972e+01,6.609815188318063361e-02
1.469999999999999929e+01,-1.618149594697112781e-01
1.471999999999999886e+01,-6.736724955246658391e-04
1.474000000000000021e+01,7.500895255679468354e-02
1.475999999999999979e+01,-8.141444213470974689e-02
1.478000000000000114e+01,2.695720866769504287e-01
1.480000000000000071e+01,8.130137653343989107e-03
1.482000000000000028e+01,1.570156099862458632e-01
1.483999999999999986e+01,-4.030930169892451426e-02
1.485999999999999943e+01,9.499123889278124344e-02
1.487999999999999901e+01,1.612086326437647266e-01
1.490000000000000036e+01,3.838034207683756194e-02
1.491999999999999993e+01,6.010329273835481739e-02
1.494000000000000128e+01,-2.736765760546829018e-02
1.496000000000000085e+01,-1.342950153602435331e-02
1.498000000000000043e+01,1.477823322252570237e-01
1.500000000000000000e+01,1.318746245251744241e-03
1.501999999999999957e+01,3.666430053622108526e-02
1.503999999999999915e+01,1.147171379459354101e-01
1.506000000000000050e+01,1.685525389602142154e-01
1.508000000000000007e+01,3.619065741209299969e-02
1.510000000000000142e+01,1.657806019042595488e-02
1.512000000000000099e+01,-6.024325234125439688e-02
1.514000000000000057e+01,-1.488372568032552135e-01
1.516000000000000014e+01,1.204669867808482592e-01
1.517999999999999972e+01,3.739022905992873957e-02
1.519999999999999929e+01,-1.475069889575671145e-01
1.521999999999999886e+01,-1.506230975280647630e-02
1.524000000000000021e+01,1.219330303987082725e-01
1.525999999999999979e+01,2.185637756597065551e-01
1.528000000000000114e+01,1.089202483151234385e-01
1.530000000000000071e+01,-7.435176641991278479e-02
1.532000000000000028e+01,1.062908818690463247e-01
1.533999999999999986e+01,5.992328004339794040e-03
1.535999999999999943e+01,1.157600225756719309e-01
1.537999999999999901e+01,-3.367996242275864832e-02
1.540000000000000036e+01,1.714472509103651121e-01
1.541999999999999993e+01,-2.620285272762805096e-01
1.544000000000000128e+01,9.557966568708579913e-02
1.546000000000000085e+01,3.772188037478380745e-02
1.548000000000000043e+01,6.140424607351545327e-02
1.550000000000000000e+01,-7.004004169139949054e-02
1.551999999999999957e+01,4.658977185880431617e-03
1.553999999999999915e+01,2.017504772052983730e-01
1.556000000000000050e+01,1.534177585557550683e-01
1.558000000000000007e+01,1.000162031994653450e-01
1.560000000000000142e+01,-6.868610874657687937e-02
1.562000000000000099e+01,9.633689130018285862e-02
1.564000000000000057e+01,2.479452682071767514e-02
1.566000000000000014e+01,-2.325344521519703139e-02
1.567999999999999972e+01,8.995126734354408349e-02
1.569999999999999929e+01,1.711214883325060110e-01
1.571999999999999886e+01,1.632454960859075765e-01
1.574000000000000021e+01,6.100530606146225415e-02
1.575999999999999979e+01,1.386731716362828506e-02
1.578000000000000114e+01,2.013149115879935003e-01
1.580000000000000071e+01,3.500619255820153208e-02
1.582000000000000028e+01,1.536398361409176960e-01
1.583999999999999986e+01,5.495548738466957128e-02
1.585999999999999943e+01,1.275652204571251502e-01
1.587999999999999901e+01,-1.089510172221722951e-02
1.590000000000000036e+01,1.712514611003528309e-01
1.591999999999999993e+01,7.525268518860785821e-03
1.594000000000000128e+01,1.318209455453543955e-01
1.596000000000000085e+01,-2.732696398506610780e-02
1.598000000000000043e+01,2.454131904892680252e-02
1.600000000000000000e+01,1.730440241097710441e-01
1.601999999999999957e+01,1.371951593377611078e-01
1.603999999999999915e+01,3.437450682130574475e-02
1.606000000000000227e+01,6.754099629119347803e-02
1.607999999999999829e+01,4.158867067694153874e-02
1.610000000000000142e+01,5.885930701169235502e-02
1.612000000000000099e+01,1.777215031726250560e-01
1.614000000000000057e+01,7.606193343744524493e-02
1.616000000000000014e+01,1.873799575913970283e-01
1.617999999999999972e+01,-3.605755312235718602e-02
1.619999999999999929e+01,9.999674536473163178e-02
1.621999999999999886e+01,1.055165657936558837e-01
1.624000000000000199e+01,-1.017569085521869005e-01
1.625999999999999801e+01,-1.600657654065109625e-01
1.628000000000000114e+01,1.068691761381279498e-01
1.630000000000000071e+01,7.865043208113033091e-02
1.632000000000000028e+01,6.907648956006601747e-03
1.633999999999999986e+01,2.340010945201360382e-01
1.635999999999999943e+01,-5.676858111789934852e-02
1.637999999999999901e+01,-1.013437840078876551e-01
1.639999999999999858e+01,6.203739116277037779e-02
1.642000000000000171e+01,3.951988046355163486e-02
1.644000000000000128e+01,2.126841777950178591e-01
1.646000000000000085e+01,1.657554927336743478e-02
1.648000000000000043e+01,1.639360954297301443e-01
1.650000000000000000e+01,5.623521590966200356e-02
1.651999999999999957e+01,1.744109192412478804e-01
1.653999999999999915e+01,6.769243260406311406e-03
1.656000000000000227e+01,1.826772346848760664e-01
1.657999999999999829e+01,2.180099443444819540e-01
1.660000000000000142e+01,1.384681792072195161e-01
1.662000000000000099e+01,5.881711619921559803e-02
1.664000000000000057e+01,1.567344248213357605e-01
1.666000000000000014e+01,7.346259446514800950e-02
1.667999999999999972e+01,-5.420303413691395650e-02
1.669999999999999929e+01,1.019359490390652628e-01
1.671999999999999886e+01,9.717403255927543893e-02
1.674000000000000199e+01,4.046291261343984424e-01
1.675999999999999801e+01,9.276066774606528398e-02
1.678000000000000114e+01,1.454092200941219104e-01
1.680000000000000071e+01,7.562318797198575027e-02
1.682000000000000028e+01,5.276261386565896799e-02
1.683999999999999986e+01,-5.316499302530044296e-02
1.685999999999999943e+01,2.771334560484411402e-01
1.687999999999999901e+01,6.911774737190727602e-02
1.689999999999999858e+01,1.151878022548721674e-02
1.692000000000000171e+01,1.311031979201073838e-01
1.694000000000000128e+01,1.542263002171767317e-01
1.696000000000000085e+01,-4.486828712871703678e-02
1.698000000000000043e+01,7.624761097200914717e-02
1.700000000000000000e+01,2.034103277718172786e-01
1.701999999999999957e+01,-4.517352815887871326e-02
1.703999999999999915e+01,9.807503200111249153e-02
1.706000000000000227e+01,6.058699742413608397e-02
1.707999999999999829e+01,-2.628435715668000355e-02
1.710000000000000142e+01,2.351381942878628950e-01
1.712000000000000099e+01,2.816946831700474149e-02
1.714000000000000057e+01,3.021440830843924452e-01
1.716000000000000014e+01,9.819881652790249382e-02
1.717999999999999972e+01,1.208896641771195490e-01
1.719999999999999929e+01,-5.896423339167484318e-02
1.721999999999999886e+01,1.511847795430984742e-01
1.724000000000000199e+01,-8.554331242280618919e-02
1.725999999999999801e+01,-7.925115060394415101e-02
1.728000000000000114e+01,1.047675407976676187e-01
1.730000000000000071e+01,1.104061123558511270e-01
1.732000000000000028e+01,7.396047309850817264e-02
1.733999999999999986e+01,2.098615915257262543e-01
1.735999999999999943e+01,1.124259153472752792e-01
1.737999999999999901e+01,1.495269633099733930e-01
1.739999999999999858e+01,6.152406683582525848e-02
1.742000000000000171e+01,6.503664145747735381e-02
1.744000000000000128e+01,6.193922467589447339e-02
1.746000000000000085e+01,2.719685942307103772e-03
1.748000000000000043e+01,8.934402942822276816e-02
1.750000000000000000e+01,3.546288051893949078e-02
1.751999999999999957e+01,1.253388202237511462e-01
1.753999999999999915e+01,3.132900416432826685e-01
1.756000000000000227e+01,1.250226527764914664e-01
1.757999999999999829e+01,-1.711199530499106225e-01
1.760000000000000142e+01,-1.670309665301850099e-02
1.762000000000000099e+01,2.175083490859143764e-01
1.764000000000000057e+01,2.280671876161892084e-02
1.766000000000000014e+01,-3.484061008295549072e-02
1.767999999999999972e+01,-5.685550993644584994e-02
1.769999999999999929e+01,1.428785652190005771e-02
1.771999999999999886e+01,2.737199806299019447e-02
1.774000000000000199e+01,-2.510433484960552034e-02
1.775999999999999801e+01,1.386575488646574761e-01
1.778000000000000114e+01,8.346340122622439295e-02
1.780000000000000071e+01,7.735549248908352160e-02
1.782000000000000028e+01,4.947705912780956533e-02
1.783999999999999986e+01,4.864661819533004639e-02
1.785999999999999943e+01,-7.005989308502455493e-02
1.787999999999999901e+01,-5.274490241573948773e-02
1.789999999999999858e+01,-3.122020532566899265e-02
1.792000000000000171e+01,3.175248702011264079e-01
1.794000000000000128e+01,1.468366290260636198e-01
1.796000000000000085e+01,1.546881726523060552e-01
1.798000000000000043e+01,1.241865449636350704e-01
1.800000000000000000e+01,9.718458960480910735e-02
1.801999999999999957e+01,-1.243840465734745871e-03
1.803999999999999915e+01,1.389474347718763214e-01
1.806000000000000227e+01,-1.802413528462681533e-02
1.807999999999999829e+01,1.034286552761091438e-01
1.810000000000000142e+01,1.436159584084984939e-02
1.812000000000000099e+01,-2.318477185943680907e-01
1.814000000000000057e+01,-7.591035512714028322e-02
1.816000000000000014e+01,1.708821105177742508e-02
1.817999999999999972e+01,2.969342259672985707e-02
1.819999999999999929e+01,2.093892848233857573e-01
1.821999999999999886e+01,9.035305425466953755e-02
1.824000000000000199e+01,-5.870454276915946373e-02
1.825999999999999801e+01,3.704701813745005928e-02
1.828000000000000114e+01,-1.203999665348976233e-01
1.830000000000000071e+01,1.114783257929776762e-02
1.832000000000000028e+01,-1.828287245226616342e-01
1.833999999999999986e+01,5.267399962787808199e-02
1.835999999999999943e+01,3.696720278110866842e-02
1.838000000000000256e+01,9.593102633590115669e-02
1.839999999999999858e+01,9.193810137502109181e-02
1.842000000000000171e+01,1.026420553675050085e-01
1.843999999999999773e+01,1.717749719234522854e-01
1.846000000000000085e+01,6.404927418085269719e-02
1.848000000000000043e+01,2.113387771028802931e-01
1.850000000000000000e+01,1.189331879675447762e-01
1.851999999999999957e+01,-1.519109465805731918e-01
1.853999999999999915e+01,-1.022051539164379741e-01
1.856000000000000227e+01,2.234469187090561137e-01
1.857999999999999829e+01,4.484903223449302617e-02
1.860000000000000142e+01,1.487822180728281055e-02
1.862000000000000099e+01,1.633110388139823455e-01
1.864000000000000057e+01,2.334965687271393364e-01
1.866000000000000014e+01,6.896358673490109170e-02
1.867999999999999972e+01,2.150604301342972161e-02
1.870000000000000284e+01,9.248805502543572254e-02
1.871999999999999886e+01,7.135647754328035275e-02
1.874000000000000199e+01,1.811876787600687488e-01
1.875999999999999801e+01,1.455121215601343221e-01
1.878000000000000114e+01,-9.904413368100970644e-03
1.880000000000000071e+01,8.296840178933270749e-02
1.882000000000000028e+01,3.703703156547540065e-02
1.883999999999999986e+01,3.181933118416469669e-02
1.885999999999999943e+01,-1.281955359695032427e-03
1.888000000000000256e+01,2.873595735512766702e-01
1.889999999999999858e+01,1.687292941966686555e-01
1.892000000000000171e+01,2.110126907968799537e-01
1.893999999999999773e+01,6.658935683419411888e-02
1.896000000000000085e+01,-1.330853913828639566e-02
1.898000000000000043e+01,1.556959979321197174e-01
1.900000000000000000e+01,1.330595202544762046e-01
1.901999999999999957e+01,7.455086559136094027e-02
1.903999999999999915e+01,1.366000306325603486e-01
1.906000000000000227e+01,1.854573742263981029e-01
1.907999999999999829e+01,1.603460532252874160e-01
1.910000000000000142e+01,-3.279463375924554502e-02
1.912000000000000099e+01,1.398115176832085971e-01
1.914000000000000057e+01,-6.225102551801600442e-04
1.916000000000000014e+01,8.521199185635576490e-02
1.917999999999999972e+01,1.847218801818172745e-02
1.920000000000000284e+01,5.296366979271098507e-02
1.921999999999999886e+01,-6.667634888207875365e-02
1.924000000000000199e+01,9.493340191294498409e-02
1.925999999999999801e+01,-9.816755935032862868e-02
1.928000000000000114e+01,5.655743237377995614e-02
1.930000000000000071e+01,1.829378953540055364e-01
1.932000000000000028e+01,-1.930914087765573661e-01
1.933999999999999986e+01,1.327037003962309170e-01
1.935999999999999943e+01,-7.864865460926742657e-02
1.938000000000000256e+01,-1.406066714041420140e-01
1.939999999999999858e+01,1.119094994216352917e-01
1.942000000000000171e+01,-1.302146470569543191e-01
1.943999999999999773e+01,-1.865537342381725361e-01
1.946000000000000085e+01,1.230777923182428679e-01
1.948000000000000043e+01,1.080078076093958367e-01
1.950000000000000000e+01,2.581527768218928182e-02
1.951999999999999957e+01,-1.735736450099809036e-01
1.953999999999999915e+01,1.395998910167588758e-01
1.956000000000000227e+01,1.352322151456955834e-01
1.957999999999999829e+01,6.477691956411134322e-02
1.960000000000000142e+01,1.618865280234883519e-01
1.962000000000000099e+01,8.893835398348289359e-03
1.964000000000000057e+01,7.529605279988903221e-02
1.966000000000000014e+01,2.651284080135234977e-01
1.967999999999999972e+01,-4.530910321259090483e-03
1.970000000000000284e+01,8.032027101654221068e-02
1.971999999999999886e+01,-2.490328616514038071e-02
1.974000000000000199e+01,1.030515050158214846e-01
1.975999999999999801e+01,-5.763866259417473915e-03
1.978000000000000114e+01,-1.309280930383487085e-01
1.980000000000000071e+01,-5.306231903432313129e-02
1.982000000000000028e+01,-3.541850195897246201e-02
1.983999999999999986e+01,3.484905129198132001e-02
1.985999999999999943e+01,3.180276195727792937e-02
1.988000000000000256e+01,1.508335324957073287e-01
1.989999999999999858e+01,3.578516593961946213e-01
1.992000000000000171e+01,1.067186711931266407e-01
1.993999999999999773e+01,3.875343764149145886e-02
1.996000000000000085e+01,2.708760421868677479e-02
1.998000000000000043e+01,1.668056065816689304e-01
2.000000000000000000e+01,-8.583916302306227042e-02
2.001999999999999957e+01,-3.431340290148351263e-02
2.003999999999999915e+01,8.752611562032208692e-02
2.006000000000000227e+01,3.664557587022268526e-02
2.007999999999999829e+01,6.793872076651229219e-02
2.010000000000000142e+01,-4.240268379469179505e-02
2.012000000000000099e+01,1.485612123374684124e-01
2.014000000000000057e+01,9.181621513503290810e-02
2.016000000000000014e+01,2.790612416162291942e-01
2.017999999999999972e+01,-2.009786860176959455e-01
2.020000000000000284e+01,-2.792702722566336657e-02
2.021999999999999886e+01,7.939642203401381382e-02
2.024000000000000199e+01,7.173089047459380030e-02
2.025999999999999801e+01,9.320234805425278712e-02
2.028000000000000114e+01,6.079311269115691974e-02
2.030000000000000071e+01,7.595460545606055880e-02
2.032000000000000028e+01,-6.262772388927365097e-02
2.033999999999999986e+01,9.167675678292121211e-02
2.035999999999999943e+01,-7.402845919546267861e-02
2.038000000000000256e+01,-3.138711946024332761e-02
2.039999999999999858e+01,2.969243256298910172e-01
2.042000000000000171e+01,1.342340791294886412e-02
2.043999999999999773e+01,3.990908072466322482e-02
2.046000000000000085e+01,2.720638431641207375e-02
2.048000000000000043e+01,1.049152232156477932e-01
2.050000000000000000e+01,-6.900357342027167717e-02
2.051999999999999957e+01,3.512507749004845775e-02
2.053999999999999915e+01,-6.424463283303776320e-03
2.056000000000000227e+01,2.029155626772513044e-01
2.057999999999999829e+01,5.251250911220511908e-02
2.060000000000000142e+01,1.478848902046559222e-01
2.062000000000000099e+01,1.270996269796518530e-01
2.064000000000000057e+01,-9.803935818748175934e-02
2.066000000000000014e+01,8.487141448879569061e-02
2.067999999999999972e+01,1.744433923294477773e-01
2.070000000000000284e+01,2.458261154186351938e-01
2.071999999999999886e+01,1.483513072530125987e-01
2.074000000000000199e+01,2.319616888970029989e-01
2.075999999999999801e+01,3.307219874088494493e-01
2.078000000000000114e+01,5.273782015252640454e-01
2.080000000000000071e+01,8.676173446993531435e-01
2.082000000000000028e+01,1.582932784899663492e+00
2.083999999999999986e+01,1.631471303699614683e+00
2.085999999999999943e+01,1.108966579001058772e+00
2.088000000000000256e+01,6.149104374465869105e-01
2.089999999999999858e+01,1.673338255195726543e-01
2.092000000000000171e+01,1.747714911221578127e-01
2.093999999999999773e+01,-1.087409025501380189e-01
2.096000000000000085e+01,2.594245104666110247e-01
2.098000000000000043e+01,2.413598494746206635e-01
2.100000000000000000e+01,2.196274169437724133e-01
2.101999999999999957e+01,-8.496336128903655971e-02
2.103999999999999915e+01,1.149737605852357986e-01
2.106000000000000227e+01,-4.521431470845935219e-02
2.107999999999999829e+01,1.823670482159397699e-01
2.110000000000000142e+01,-4.113504013323249220e-02
2.112000000000000099e+01,-1.472745291140578443e-02
2.114000000000000057e+01,-1.683255546032402794e-02
2.116000000000000014e+01,1.205675631458247438e-01
2.117999999999999972e+01,1.090132962468566835e-01
2.120000000000000284e+01,1.772511196239675846e-01
2.121999999999999886e+01,-2.368898999526262289e-02
2.124000000000000199e+01,-5.159040302345754836e-02
2.125999999999999801e+01,1.946063279241524169e-01
2.128000000000000114e+01,2.291318655441937358e-01
2.130000000000000071e+01,-3.224636463967511107e-02
2.132000000000000028e+01,-2.908032853141137228e-02
2.133999999999999986e+01,3.558150596005684729e-01
2.135999999999999943e+01,1.786914889638261950e-01
2.138000000000000256e+01,1.826164491535183301e-02
2.139999999999999858e+01,2.201406358276336572e-01
2.142000000000000171e+01,1.361716775861583628e-01
2.143999999999999773e+01,1.005122337573524094e-01
2.146000000000000085e+01,8.147367312364355019e-02
2.148000000000000043e+01,1.057305964469273420e-02
2.150000000000000000e+01,-4.888932181793600312e-02
2.151999999999999957e+01,-3.410785200341703155e-02
2.153999999999999915e+01,4.104699117765795574e-02
2.156000000000000227e+01,2.295547977167395892e-01
2.157999999999999829e+01,1.344458032004045012e-01
2.160000000000000142e+01,2.753250644109229289e-02
2.162000000000000099e+01,8.691937813542209568e-02
2.164000000000000057e+01,2.542053425151840074e-01
2.166000000000000014e+01,2.535248202474049695e-02
2.167999999999999972e+01,1.441849688657314277e-01
2.170000000000000284e+01,-1.526373932281788887e-02
2.171999999999999886e+01,-5.576038197583133710e-02
2.174000000000000199e+01,-6.562361709161124157e-02
2.175999999999999801e+01,1.055638266935652186e-01
2.178000000000000114e+01,-8.127669003286452920e-02
2.180000000000000071e+01,1.232157596394161531e-01
2.182000000000000028e+01,-1.418797010214135901e-01
2.183999999999999986e+01,1.570334469922912146e-01
2.185999999999999943e+01,1.101925796961124998e-01
2.188000000000000256e+01,1.249457410443975264e-01
2.189999999999999858e+01,1.775955235766202636e-03
2.192000000000000171e+01,1.897913902330904817e-02
2.193999999999999773e+01,-3.907014123643896136e-02
2.196000000000000085e+01,3.879674185953617405e-02
2.198000000000000043e+01,1.443901126090720577e-01
2.200000000000000000e+01,7.369222161759700351e-02
2.201999999999999957e+01,9.100759567261153260e-02
2.203999999999999915e+01,1.903711243385598495e-01
2.206000000000000227e+01,5.059181837268920262e-03
2.207999999999999829e+01,1.174302821901962446e-01
2.210000000000000142e+01,4.278991634486539047e-02
2.212000000000000099e+01,-5.457343498405978904e-02
2.214000000000000057e+01,7.689941724681517710e-02
2.216000000000000014e+01,3.960584436610794373e-02
2.217999999999999972e+01,1.649482604988418699e-01
2.220000000000000284e+01,8.585703190452437239e-02
2.221999999999999886e+01,2.107518250235588253e-01
2.224000000000000199e+01,9.271918636136605718e-02
2.225999999999999801e+01,-1.055523230699804554e-01
2.228000000000000114e+01,3.972960213875951357e-02
2.230000000000000071e+01,1.467350430508327086e-01
2.232000000000000028e+01,1.466878935413869767e-01
2.233999999999999986e+01,-1.291507679611184067e-02
2.235999999999999943e+01,-3.396260410833790849e-02
2.238000000000000256e+01,1.532336385270337276e-01
2.239999999999999858e+01,1.434728429726707111e-01
2.242000000000000171e+01,5.031013766237511092e-02
2.243999999999999773e+01,-6.123045409961874741e-02
2.246000000000000085e+01,8.894777506502259123e-02
2.248000000000000043e+01,3.937546974965713820e-02
2.250000000000000000e+01,-8.755630218832001488e-02
2.251999999999999957e+01,-3.495854030221024616e-02
2.253999999999999915e+01,2.031957567994474856e-01
2.256000000000000227e+01,3.442046791377864623e-01
2.257999999999999829e+01,6.215323307213591053e-02
2.260000000000000142e+01,1.551989926044775314e-01
2.262000000000000099e+01,2.779374103727272893e-01
2.264000000000000057e+01,2.387826965947313917e-01
2.266000000000000014e+01,6.849857579354283466e-02
2.267999999999999972e+01,7.938020897368555651e-02
2.270000000000000284e+01,-6.449273485741243393e-03
2.271999999999999886e+01,1.356461037595889096e-01
2.274000000000000199e+01,1.513809654437591745e-01
2.275999999999999801e+01,-3.976551572905975135e-02
2.278000000000000114e+01,5.647174951484289218e-02
2.280000000000000071e+01,-5.939288364515055846e-02
2.282000000000000028e+01,2.119612679577334846e-01
2.283999999999999986e+01,-2.394227901236154962e-02
2.285999999999999943e+01,8.934323893672589667e-02
2.288000000000000256e+01,-4.673551897987858472e-02
2.289999999999999858e+01,2.581152906634833211e-01
2.292000000000000171e+01,1.617049657287482622e-01
2.293999999999999773e+01,9.861278125936534869e-03
2.296000000000000085e+01,-1.399131966939086424e-01
2.298000000000000043e+01,1.204703871014658478e-01
2.300000000000000000e+01,5.636002278606267596e-02
2.301999999999999957e+01,2.829541251641984889e-01
2.303999999999999915e+01,5.808875841946354451e-02
2.306000000000000227e+01,1.082334207496834233e-01
2.307999999999999829e+01,8.149676297061973773e-02
2.310000000000000142e+01,-3.995320820241954340e-02
2.312000000000000099e+01,6.413515439467620816e-02
2.314000000000000057e+01,-2.149207324443891398e-02
2.316000000000000014e+01,8.202253189862175609e-02
2.317999999999999972e+01,-1.070046379117702284e-01
2.320000000000000284e+01,8.941437027005003091e-02
2.321999999999999886e+01,-7.594744870154364336e-02
2.324000000000000199e+01,6.977792681037131572e-02
2.325999999999999801e+01,1.723893615268543011e-01
2.328000000000000114e+01,-6.479568323557158283e-02
2.330000000000000071e+01,2.272913646679420308e-01
2.332000000000000028e+01,-2.637429799776382436e-02
2.333999999999999986e+01,1.051205355539487768e-01
2.335999999999999943e+01,2.556147266280453523e-02
2.338000000000000256e+01,-4.866621512631840590e-02
2.339999999999999858e+01,9.172223897559624028e-03
2.342000000000000171e+01,5.568553484375494966e-02
2.343999999999999773e+01,-8.314101622703619354e-02
2.346000000000000085e+01,6.373362186597385237e-02
2.348000000000000043e+01,-5.490312242536998788e-02
2.350000000000000000e+01,-3.855952464112422096e-02
2.351999999999999957e+01,-6.707260145552647324e-02
2.353999999999999915e+01,8.608206791370230648e-02
2.356000000000000227e+01,7.608124166334330474e-02
2.357999999999999829e+01,9.346341304910499304e-02
2.360000000000000142e+01,-3.809285974040055311e-02
2.362000000000000099e+01,6.740562218532723804e-02
2.364000000000000057e+01,-7.040429975549460095e-02
2.366000000000000014e+01,-3.475657770674062813e-02
2.367999999999999972e+01,-1.095695337117800518e-02
2.370000000000000284e+01,1.346184467023351164e-02
2.371999999999999886e+01,1.286398232677634854e-02
2.374000000000000199e+01,2.901637313589427655e-02
2.375999999999999801e+01,3.000808271752989920e-01
2.378000000000000114e+01,1.817804192646906569e-01
2.380000000000000071e+01,-6.209484740219162885e-02
2.382000000000000028e+01,2.699544278214041082e-01
2.383999999999999986e+01,2.772179097840636874e-01
2.385999999999999943e+01,8.759844710494108996e-03
2.388000000000000256e+01,1.727214590373632175e-01
2.389999999999999858e+01,-7.161385931844731212e-02
2.392000000000000171e+01,6.594550670451965191e-02
2.393999999999999773e+01,-1.554863440123465668e-01
2.396000000000000085e+01,2.515033022694355136e-01
2.398000000000000043e+01,4.517869955807344434e-02
2.400000000000000000e+01,7.851854538637360881e-02
2.401999999999999957e+01,6.261236567633331196e-02
2.403999999999999915e+01,-6.153695919531092240e-02
2.406000000000000227e+01,1.163368912074421724e-01
2.407999999999999829e+01,1.361350586548461250e-01
2.410000000000000142e+01,9.807511691336180670e-02
2.412000000000000099e+01,2.805431102391747755e-02
2.414000000000000057e+01,2.539382133921666562e-01
2.416000000000000014e+01,8.136687472006870481e-02
2.417999999999999972e+01,-3.718401825453732101e-02
2.420000000000000284e+01,8.203508826325416059e-02
2.421999999999999886e+01,1.187699618168446547e-01
2.424000000000000199e+01,1.265743502793622299e-01
2.425999999999999801e+01,-8.137464985039118137e-02
2.428000000000000114e+01,1.068736905671779647e-01
2.430000000000000071e+01,7.183416338945576574e-02
2.432000000000000028e+01,1.028408438627863991e-01
2.433999999999999986e+01,-1.093607456517116730e-02
2.435999999999999943e+01,-3.056561961409071451e-02
2.438000000000000256e+01,-2.388731120021674384e-02
2.439999999999999858e+01,5.540705730991195288e-02
2.442000000000000171e+01,-8.285068680714315070e-02
2.443999999999999773e+01,8.755519946452278157e-02
2.446000000000000085e+01,2.243342870255085955e-02
2.448000000000000043e+01,1.039699514997229624e-01
2.450000000000000000e+01,-1.072200563198027201e-01
2.451999999999999957e+01,-3.054960660183697954e-02
2.453999999999999915e+01,-1.080194570721134534e-02
2.456000000000000227e+01,-2.412200926407561119e-01
2.457999999999999829e+01,2.299364442137748210e-01
2.460000000000000142e+01,-1.436655578656554667e-02
2.462000000000000099e+01,-2.377366602466668144e-01
2.464000000000000057e+01,-1.133355998342995830e-01
2.466000000000000014e+01,1.700660675111694692e-02
2.467999999999999972e+01,4.429323182006144471e-02
2.470000000000000284e+01,4.931088067997537600e-02
2.471999999999999886e+01,1.356618664234169047e-01
2.474000000000000199e+01,1.080011130482285038e-02
2.475999999999999801e+01,5.240003293751101243e-02
2.478000000000000114e+01,2.548070833602677707e-02
2.480000000000000071e+01,1.305888825062038183e-01
2.482000000000000028e+01,5.330197628703800539e-02
2.483999999999999986e+01,-1.005647598653082279e-02
2.485999999999999943e+01,1.983383900060993743e-01
2.488000000000000256e+01,7.010849444189946877e-02
2.489999999999999858e+01,-1.900926661690786196e-02
2.492000000000000171e+01,4.463296427045720244e-02
2.493999999999999773e+01,1.138239324164885546e-01
2.496000000000000085e+01,-2.386207596635255557e-01
2.498000000000000043e+01,2.054308839304173906e-01
2.500000000000000000e+01,2.027371495663477241e-01
2.501999999999999957e+01,5.144189759960866859e-02
2.503999999999999915e+01,5.354232121178949949e-02
2.506000000000000227e+01,7.714038476475945649e-02
2.507999999999999829e+01,6.217415271651523245e-02
2.510000000000000142e+01,9.192368369626435776e-02
2.512000000000000099e+01,3.283264569698012697e-02
2.514000000000000057e+01,-4.741034368305142160e-02
2.516000000000000014e+01,2.572306563756139586e-02
2.517999999999999972e+01,-5.106905926416606400e-02
2.520000000000000284e+01,1.026581249797397094e-01
2.521999999999999886e+01,2.469346972145821939e-01
2.524000000000000199e+01,3.019142370600721992e-01
2.525999999999999801e+01,5.177562171503567040e-02
2.528000000000000114e+01,-3.121052986042561345e-02
2.530000000000000071e+01,6.619739848418354500e-02
2.532000000000000028e+01,2.302684673951699845e-01
2.533999999999999986e+01,5.142181677787959204e-01
2.535999999999999943e+01,5.586790394244568470e-01
2.538000000000000256e+01,6.240287515620799308e-01
2.539999999999999858e+01,3.246828355801591459e-01
2.542000000000000171e+01,1.957788023625311458e-01
2.543999999999999773e+01,1.951980446091655108e-01
2.546000000000000085e+01,3.361632485808453419e-01
2.548000000000000043e+01,1.007873133268473304e-01
2.550000000000000000e+01,1.428225961272408806e-01
2.551999999999999957e+01,1.115431146133670781e-01
2.553999999999999915e+01,6.521814258428472455e-02
2.556000000000000227e+01,1.764450156461426500e-01
2.557999999999999829e+01,7.725934859735496263e-02
2.560000000000000142e+01,-2.334216655518799727e-02
2.562000000000000099e+01,1.402331718629359902e-01
2.564000000000000057e+01,-3.391767733015372405e-02
2.566000000000000014e+01,6.449808219213017113e-02
2.567999999999999972e+01,6.996380411358305018e-02
2.570000000000000284e+01,2.749775095999563296e-02
2.571999999999999886e+01,1.416452768131478968e-01
2.574000000000000199e+01,4.546360154019897515e-02
2.575999999999999801e+01,7.131446186030637735e-02
2.578000000000000114e+01,1.100104869803461838e-01
2.580000000000000071e+01,-6.738944209771022265e-02
2.582000000000000028e+01,5.346634454396836239e-02
2.583999999999999986e+01,4.642852405516960379e-02
2.585999999999999943e+01,9.290508508464953574e-02
2.588000000000000256e+01,1.978804083292252589e-02
2.589999999999999858e+01,1.231987447145359987e-01
2.592000000000000171e+01,-4.648076744918234332e-02
2.593999999999999773e+01,6.305873629158550986e-02
2.596000000000000085e+01,9.276350888291844121e-02
2.598000000000000043e+01,6.711412151784393321e-02
2.600000000000000000e+01,1.314273612233944899e-01
2.601999999999999957e+01,1.442121626870770390e-01
2.603999999999999915e+01,1.874026745875362679e-02
2.605999999999999872e+01,1.239225481104873489e-01
2.608000000000000185e+01,3.367221091100368324e-02
2.610000000000000142e+01,-7.885455410912459162e-02
2.612000000000000099e+01,-4.971443841071917277e-04
2.614000000000000057e+01,1.385721722590151604e-02
2.616000000000000014e+01,1.596346177962391089e-01
2.617999999999999972e+01,-4.410337583051473359e-02
2.619999999999999929e+01,6.140633326374712875e-02
2.621999999999999886e+01,3.768558421452173485e-02
2.624000000000000199e+01,-1.146835155289728514e-01
2.626000000000000156e+01,1.091222809110912184e-01
2.628000000000000114e+01,5.629622559856142794e-02
2.630000000000000071e+01,3.425568818153472694e-01
2.632000000000000028e+01,-2.252181033792973949e-02
2.633999999999999986e+01,2.721803883192201456e-01
2.635999999999999943e+01,-1.038959400674997584e-02
2.637999999999999901e+01,-9.491345772078663146e-03
2.639999999999999858e+01,1.016250829441486675e-01
2.642000000000000171e+01,-2.241559700294775900e-02
2.644000000000000128e+01,8.598857786373294287e-02
2.646000000000000085e+01,2.171834139079936998e-01
2.648000000000000043e+01,-1.086754413790977092e-01
2.650000000000000000e+01,8.536514746248728691e-02
2.651999999999999957e+01,1.761771416083537933e-03
2.653999999999999915e+01,8.569624868757572123e-02
2.655999999999999872e+01,2.048048294334273434e-01
2.658000000000000185e+01,2.605734756421583809e-01
2.660000000000000142e+01,-9.484956660281487761e-02
2.662000000000000099e+01,1.235731890981610070e-01
2.664000000000000057e+01,-2.313802093584053365e-01
2.666000000000000014e+01,2.822919084048815253e-02
2.667999999999999972e+01,3.490772264621055249e-02
2.669999999999999929e+01,2.892810658495589271e-01
2.671999999999999886e+01,-4.343641115406970087e-03
2.674000000000000199e+01,2.859687021401238760e-01
2.676000000000000156e+01,2.330477131590174278e-01
2.678000000000000114e+01,2.394644611599802964e-01
2.680000000000000071e+01,-8.279195839279142322e-02
2.682000000000000028e+01,3.108390001256788882e-01
2.683999999999999986e+01,6.196553357472920492e-02
2.685999999999999943e+01,4.165992374020244249e-02
2.687999999999999901e+01,5.129544984325763030e-02
2.689999999999999858e+01,1.516825215050114639e-01
2.692000000000000171e+01,1.059975273958543296e-01
2.694000000000000128e+01,1.003803933944022592e-01
2.696000000000000085e+01,3.480056078061161736e-03
2.698000000000000043e+01,1.864741961065860820e-01
2.700000000000000000e+01,1.060247720358609425e-01
2.701999999999999957e+01,8.024044644160348294e-02
2.703999999999999915e+01,8.990380013776477774e-02
2.705999999999999872e+01,3.206383729975011143e-02
2.708000000000000185e+01,1.016258207928376900e-01
2.710000000000000142e+01,-5.909375242190731577e-03
2.712000000000000099e+01,6.198446350883316663e-02
2.714000000000000057e+01,2.211510031769728657e-01
2.716000000000000014e+01,1.913855421415888158e-01
2.717999999999999972e+01,2.028961984057928158e-01
2.719999999999999929e+01,1.322094811875573206e-01
2.721999999999999886e+01,7.019938376463953633e-02
2.724000000000000199e+01,1.065449485629201137e-01
2.726000000000000156e+01,3.156497995577055987e-02
2.728000000000000114e+01,7.263443775521617046e-03
2.730000000000000071e+01,1.550249289030119493e-01
2.732000000000000028e+01,1.487294791696486540e-01
2.733999999999999986e+01,2.468162993675275529e-01
2.735999999999999943e+01,1.586565335968987134e-01
2.737999999999999901e+01,1.664077898236054343e-01
2.740000000000000213e+01,-6.806282180901943035e-04
2.742000000000000171e+01,6.514298002297130852e-02
2.744000000000000128e+01,8.501783228310635931e-02
2.746000000000000085e+01,-1.217885531503521274e-01
2.748000000000000043e+01,-1.035803702812424232e-01
2.750000000000000000e+01,1.949818212424586084e-01
2.751999999999999957e+01,2.496578714882112526e-01
2.753999999999999915e+01,1.883379240040675973e-01
2.755999999999999872e+01,3.630374286837198539e-02
2.758000000000000185e+01,3.098563628705979789e-01
2.760000000000000142e+01,2.100794723322796098e-01
2.762000000000000099e+01,-5.149638866311091745e-02
2.764000000000000057e+01,2.125878424621571172e-01
2.766000000000000014e+01,2.444339852972164107e-01
2.767999999999999972e+01,1.701683267847653447e-01
2.769999999999999929e+01,1.035022913919172727e-01
2.771999999999999886e+01,2.286175850067117821e-01
2.774000000000000199e+01,5.596187464592331656e-02
2.776000000000000156e+01,1.320853399923105631e-01
2.778000000000000114e+01,-1.999392888287515602e-02
2.780000000000000071e+01,1.921983421458046126e-01
2.782000000000000028e+01,2.481560430325483735e-01
2.783999999999999986e+01,1.003500739484816801e-01
2.785999999999999943e+01,2.781854811853140541e-01
2.787999999999999901e+01,1.456561885330909245e-01
2.790000000000000213e+01,1.647983274368670092e-01
2.792000000000000171e+01,3.591070546306944222e-01
2.794000000000000128e+01,2.942919368867302210e-01
2.796000000000000085e+01,6.824394351855189722e-02
2.798000000000000043e+01,2.480764334222155532e-01
2.800000000000000000e+01,1.160970827198685024e-01
2.801999999999999957e+01,3.320075442717690395e-01
2.803999999999999915e+01,4.858181935193196521e-01
2.805999999999999872e+01,6.122269253194849714e-01
2.808000000000000185e+01,3.124967457824776029e-01
2.810000000000000142e+01,5.413540728094318188e-01
2.812000000000000099e+01,7.805624231363581522e-01
2.814000000000000057e+01,8.928514562914965369e-01
2.816000000000000014e+01,2.003739969690764511e+00
2.817999999999999972e+01,4.964302690586753108e+00
2.819999999999999929e+01,1.255636175459841297e+01
2.821999999999999886e+01,1.953573913183811683e+01
2.824000000000000199e+01,1.837982487221360017e+01
2.826000000000000156e+01,1.615015381476965928e+01
2.828000000000000114e+01,1.739539951165281551e+01
2.830000000000000071e+01,2.169523410564550403e+01
2.832000000000000028e+01,1.619530807946486917e+01
2.833999999999999986e+01,8.116390860614144387e+00
2.835999999999999943e+01,3.462734370115326588e+00
2.837999999999999901e+01,1.331438770794579174e+00
2.840000000000000213e+01,9.026734714402462334e-01
2.842000000000000171e+01,4.882173458663505716e-01
2.844000000000000128e+01,4.344298398518185444e-01
2.846000000000000085e+01,2.276729559276431392e-01
2.848000000000000043e+01,3.997466873987511327e-01
2.850000000000000000e+01,4.313131964277450714e-01
2.851999999999999957e+01,3.832976157375901916e-01
2.853999999999999915e+01,3.714201805793489464e-01
2.855999999999999872e+01,3.477979326257062409e-01
2.858000000000000185e+01,1.957733414879677947e-01
2.860000000000000142e+01,2.323737820349774386e-01
2.862000000000000099e+01,2.414526233093820806e-01
2.864000000000000057e+01,1.437713938860323559e-01
2.866000000000000014e+01,1.569349906387898508e-01
2.867999999999999972e+01,6.487692926503932367e-02
2.869999999999999929e+01,1.180968694918972522e-01
2.871999999999999886e+01,2.282153610355358575e-01
2.874000000000000199e+01,-9.212264607922246440e-02
2.876000000000000156e+01,1.691608615272880700e-01
2.878000000000000114e+01,3.177802342499586041e-02
2.880000000000000071e+01,4.031367236972643181e-02
2.882000000000000028e+01,-3.150653472822060458e-02
2.883999999999999986e+01,-8.240121506004713381e-02
2.885999999999999943e+01,1.728504931408771095e-01
2.887999999999999901e+01,5.234128779982576835e-02
2.890000000000000213e+01,-8.022850971633075853e-03
2.892000000000000171e+01,1.010968002077163586e-01
2.894000000000000128e+01,-3.378267160705272342e-03
2.896000000000000085e+01,1.191900264616940625e-01
2.898000000000000043e+01,9.774653322531491606e-02
2.900000000000000000e+01,9.632197735112249526e-02
2.901999999999999957e+01,5.295876466407341276e-02
2.903999999999999915e+01,2.573232384492887825e-01
2.905999999999999872e+01,6.811400741642792411e-02
2.908000000000000185e+01,1.922290784764643656e-01
2.910000000000000142e+01,1.003616634776190869e-02
2.912000000000000099e+01,2.393394612112781650e-01
2.914000000000000057e+01,1.152813802388813064e-01
2.916000000000000014e+01,1.895346333145774831e-01
2.917999999999999972e+01,-6.997101225022200888e-02
2.919999999999999929e+01,-6.878298896801451900e-02
2.921999999999999886e+01,2.609007090074345059e-01
2.924000000000000199e+01,7.754802459592848030e-03
2.926000000000000156e+01,-8.347405826672596452e-02
2.928000000000000114e+01,1.412188409881918738e-01
2.930000000000000071e+01,1.587256309044793312e-01
2.932000000000000028e+01,1.397352328678354294e-01
2.933999999999999986e+01,-3.141869387498880117e-02
2.935999999999999943e+01,-7.817879616029548007e-02
2.937999999999999901e+01,6.453746003731350434e-02
2.940000000000000213e+01,-3.190730400619202350e-02
2.942000000000000171e+01,1.162895342795248338e-01
2.944000000000000128e+01,2.997161866954601850e-01
2.946000000000000085e+01,8.305308163705941993e-02
2.948000000000000043e+01,3.560783142249319272e-02
2.950000000000000000e+01,-2.175804243607371014e-02
2.951999999999999957e+01,1.750705473438423365e-01
2.953999999999999915e+01,2.099699948459921722e-02
2.955999999999999872e+01,1.207709442449488675e-03
2.958000000000000185e+01,1.120694660246294022e-01
2.960000000000000142e+01,3.284618001475375637e-02
2.962000000000000099e+01,1.893599333418736694e-02
2.964000000000000057e+01,1.669512066420104635e-01
2.966000000000000014e+01,8.257062731182857052e-02
2.967999999999999972e+01,8.753952118111196778e-03
2.969999999999999929e+01,1.043253185054798388e-01
2.971999999999999886e+01,1.553003070846614153e-01
2.974000000000000199e+01,-1.812177120543844930e-02
2.976000000000000156e+01,3.776048796377361877e-02
2.978000000000000114e+01,2.280284627364663752e-01
2.980000000000000071e+01,1.234855599100637968e-01
2.982000000000000028e+01,-6.730111609387554039e-02
2.983999999999999986e+01,1.458713584021814960e-02
2.985999999999999943e+01,7.050471425686515026e-02
2.987999999999999901e+01,1.861226347256942359e-01
2.990000000000000213e+01,-2.813965122774732264e-02
2.992000000000000171e+01,8.179006610609262928e-02
2.994000000000000128e+01,9.137391578926348790e-02
2.996000000000000085e+01,1.809861671144329109e-01
2.998000000000000043e+01,2.969310875155997120e-01
3.000000000000000000e+01,2.888575606813304636e-02
3.001999999999999957e+01,2.018597226708883918e-01
3.003999999999999915e+01,2.221623083387871123e-01
3.005999999999999872e+01,2.179846372780773756e-01
3.008000000000000185e+01,4.632468365475879146e-01
3.010000000000000142e+01,1.252829446051063833e+00
3.012000000000000099e+01,2.329134867357531835e+00
3.014000000000000057e+01,3.954129144725377465e+00
3.016000000000000014e+01,3.774665357630771378e+00
3.017999999999999972e+01,3.007840179897097510e+00
3.019999999999999929e+01,3.350811874519793676e+00
3.021999999999999886e+01,4.002944932818555124e+00
3.024000000000000199e+01,2.969627279671304798e+00
3.026000000000000156e+01,1.289152203423171272e+00
3.028000000000000114e+01,3.573050168681284888e-01
3.030000000000000071e+01,2.125752452744496257e-01
3.032000000000000028e+01,2.721549045635959785e-01
3.033999999999999986e+01,3.936970890791299804e-01
3.035999999999999943e+01,6.494409984677890213e-02
3.037999999999999901e+01,2.705131178988762763e-01
3.040000000000000213e+01,2.011055546106374492e-01
3.042000000000000171e+01,1.049888411286697271e-01
3.044000000000000128e+01,2.221396819164196679e-01
3.046000000000000085e+01,2.632279487821977820e-02
3.048000000000000043e+01,6.033458802254058201e-02
3.050000000000000000e+01,1.132977655048644089e-01
3.051999999999999957e+01,1.149475470154145279e-01
3.053999999999999915e+01,2.197882227361815932e-01
3.055999999999999872e+01,2.741548366440897666e-02
3.058000000000000185e+01,1.809499616049954629e-01
3.060000000000000142e+01,4.930667753695054667e-02
3.062000000000000099e+01,2.215806613511046019e-01
3.064000000000000057e+01,8.137737209882231482e-02
3.066000000000000014e+01,1.315777858622988739e-01
3.067999999999999972e+01,-1.097249105664680757e-01
3.069999999999999929e+01,1.286427854176901420e-01
3.071999999999999886e+01,-8.830495393837027931e-03
3.074000000000000199e+01,2.854762353793660057e-01
3.076000000000000156e+01,1.908206649704012881e-01
3.078000000000000114e+01,3.829265481834347173e-02
3.080000000000000071e+01,3.430972734633688792e-01
3.082000000000000028e+01,1.385316308398250873e-01
3.083999999999999986e+01,3.092080973262347765e-01
3.085999999999999943e+01,1.255766805317499457e-01
3.087999999999999901e+01,2.708884363046833998e-01
3.090000000000000213e+01,2.232793888616923794e-01
3.092000000000000171e+01,5.007120736237978542e-02
3.094000000000000128e+01,1.111603754523804444e-01
3.096000000000000085e+01,-5.748028168203826033e-02
3.098000000000000043e+01,-4.079746982457079646e-02
3.100000000000000000e+01,1.856861542761062966e-01
3.101999999999999957e+01,2.147460389152663629e-01
3.103999999999999915e+01,3.394361353640971690e-01
3.105999999999999872e+01,2.608272327460986473e-01
3.108000000000000185e+01,2.037605896863851074e-01
3.110000000000000142e+01,2.011579447671883736e-01
3.112000000000000099e+01,4.171010157536138019e-01
3.114000000000000057e+01,2.844118773132869871e-01
3.116000000000000014e+01,4.919172757405557150e-01
3.117999999999999972e+01,1.363242339058256536e-01
3.119999999999999929e+01,9.640259023959546480e-02
3.121999999999999886e+01,5.974677788231802511e-01
3.124000000000000199e+01,5.864695151464559553e-01
3.126000000000000156e+01,6.364295147176217693e-01
3.128000000000000114e+01,7.837454700337861402e-01
3.130000000000000071e+01,1.062748202884775450e+00
3.132000000000000028e+01,1.037254491623919028e+00
3.133999999999999986e+01,1.309597058839186534e+00
3.135999999999999943e+01,2.269857161045836680e+00
3.137999999999999901e+01,3.400175117576270001e+00
3.140000000000000213e+01,7.771772766359842599e+00
3.142000000000000171e+01,1.959856310418331660e+01
3.144000000000000128e+01,3.875164802908668094e+01
3.146000000000000085e+01,5.323941565904560491e+01
3.148000000000000043e+01,3.903186609244863803e+01
3.150000000000000000e+01,1.909482100141969951e+01
3.151999999999999957e+01,7.278710214828736369e+00
3.153999999999999915e+01,3.169875205126094553e+00
3.155999999999999872e+01,2.204722936316246162e+00
3.158000000000000185e+01,1.297701750633272866e+00
3.160000000000000142e+01,9.656674473340266518e-01
3.162000000000000099e+01,1.411200753572268374e+00
3.164000000000000057e+01,1.291968675769208597e+00
3.166000000000000014e+01,2.044776711134317360e+00
3.167999999999999972e+01,3.978299702130847493e+00
3.169999999999999929e+01,5.072704870777528185e+00
3.171999999999999886e+01,5.554550004124083173e+00
3.174000000000000199e+01,3.591420586098267087e+00
3.176000000000000156e+01,1.382632464394872196e+00
3.178000000000000114e+01,7.848074958186223027e-01
3.180000000000000071e+01,5.175962479026209317e-01
3.182000000000000028e+01,6.015893514507183459e-01
3.183999999999999986e+01,2.898895759133107153e-01
3.185999999999999943e+01,9.208128708748987423e-02
3.187999999999999901e+01,4.218569399267035891e-02
3.190000000000000213e+01,1.815296287656802676e-01
3.192000000000000171e+01,3.941378810304839719e-01
3.194000000000000128e+01,3.835470652591718189e-03
3.196000000000000085e+01,-4.178480914550800757e-02
3.198000000000000043e+01,3.173641085023646835e-01
3.200000000000000000e+01,2.035528145926277510e-01
3.201999999999999602e+01,1.935338948803591030e-01
3.203999999999999915e+01,2.775603437455742561e-02
3.206000000000000227e+01,-7.959823892020177760e-02
3.207999999999999829e+01,8.249892496230830374e-02
3.210000000000000142e+01,3.425307668020771690e-01
3.212000000000000455e+01,3.214574459423731323e-01
3.214000000000000057e+01,1.929156578843630454e-01
3.215999999999999659e+01,2.245571665929069205e-02
3.217999999999999972e+01,1.354814791465263901e-01
3.220000000000000284e+01,1.696364140429288681e-01
3.221999999999999886e+01,3.756055540587555086e-01
3.224000000000000199e+01,-1.043028648093401525e-02
3.226000000000000512e+01,6.512195431512562971e-02
3.228000000000000114e+01,2.078919920315640268e-01
3.229999999999999716e+01,1.597099280258492404e-01
3.232000000000000028e+01,-1.475691940243353774e-03
3.234000000000000341e+01,1.469734993427833925e-01
3.235999999999999943e+01,1.624973547978182109e-01
3.237999999999999545e+01,2.212445599006122032e-01
3.240000000000000568e+01,1.461149712333798534e-01
3.242000000000000171e+01,-2.700970996041508407e-02
3.243999999999999773e+01,1.417133554536617601e-01
3.246000000000000085e+01,1.597877193953142483e-01
3.248000000000000398e+01,2.164293181035574776e-01
3.250000000000000000e+01,4.286585053451683058e-02
3.251999999999999602e+01,2.023369040228106541e-01
3.253999999999999915e+01,3.969530064172536316e-02
3.256000000000000227e+01,6.064020828823341730e-02
3.257999999999999829e+01,6.568637063274262999e-02
3.260000000000000142e+01,2.477671956190564267e-02
3.262000000000000455e+01,3.738515367887752516e-01
3.264000000000000057e+01,9.784816930491398168e-02
3.265999999999999659e+01,2.283451373849180177e-01
3.267999999999999972e+01,3.312088783539510195e-01
3.270000000000000284e+01,2.203767394973106808e-01
3.271999999999999886e+01,2.058817122620840989e-01
3.274000000000000199e+01,3.040925993570819941e-01
3.276000000000000512e+01,5.167126285990543133e-01
3.278000000000000114e+01,5.954894314633785157e-01
3.279999999999999716e+01,1.046521961701755293e-02
3.282000000000000028e+01,1.870657367120691916e-01
3.284000000000000341e+01,2.992114736401343955e-01
3.285999999999999943e+01,4.648111384987435035e-01
3.287999999999999545e+01,3.520157926925318037e-01
3.290000000000000568e+01,5.737357766153009520e-01
3.292000000000000171e+01,8.170117068223665679e-01
3.293999999999999773e+01,1.122789001186178748e+00
3.296000000000000085e+01,1.273195671959987729e+00
3.298000000000000398e+01,3.108812056651000688e+00
3.300000000000000000e+01,7.674554385823187275e+00
3.301999999999999602e+01,1.398101997633198756e+01
3.303999999999999915e+01,1.767887932245165317e+01
3.306000000000000227e+01,1.204207533933728769e+01
3.307999999999999829e+01,6.111581467574608517e+00
3.310000000000000142e+01,3.141371043320061673e+00
3.312000000000000455e+01,1.501088482227796117e+00
3.314000000000000057e+01,1.166291754194407781e+00
3.315999999999999659e+01,8.600194092614485974e-01
3.317999999999999972e+01,7.815881416682376459e-01
3.320000000000000284e+01,6.342920911015483831e-01
3.321999999999999886e+01,1.071904114720073853e+00
3.324000000000000199e+01,5.183256084291083532e-01
3.326000000000000512e+01,6.259211684702611356e-01
3.328000000000000114e+01,7.187188962685087112e-01
3.329999999999999716e+01,9.631536858743003915e-01
3.332000000000000028e+01,1.789411294101284078e+00
3.334000000000000341e+01,1.672137569106213029e+00
3.335999999999999943e+01,3.438489303478172499e+00
3.337999999999999545e+01,5.622851323771913989e+00
3.340000000000000568e+01,1.577327881731454617e+01
3.342000000000000171e+01,3.502163050368214670e+01
3.343999999999999773e+01,5.235093321780943398e+01
3.346000000000000085e+01,4.558523580265353559e+01
3.348000000000000398e+01,2.659254539339902124e+01
3.350000000000000000e+01,1.047673948972986757e+01
3.351999999999999602e+01,4.593035250164030359e+00
3.353999999999999915e+01,2.216974469053055063e+00
3.356000000000000227e+01,1.236337059243865610e+00
3.357999999999999829e+01,1.251372518237573228e+00
3.360000000000000142e+01,6.206670479587039768e-01
3.362000000000000455e+01,7.751441153813981577e-01
3.364000000000000057e+01,5.609550359570364408e-01
3.365999999999999659e+01,4.067453606688514745e-01
3.367999999999999972e+01,3.582545990835532268e-01
3.370000000000000284e+01,1.158570656208782051e-01
3.371999999999999886e+01,5.434503658627430900e-01
3.374000000000000199e+01,3.912729141158924895e-01
3.376000000000000512e+01,2.806674710642047543e-01
3.378000000000000114e+01,5.943632527620590356e-01
3.379999999999999716e+01,5.675221049821083108e-01
3.382000000000000028e+01,2.907162013981012261e-01
3.384000000000000341e+01,1.093590300242478219e-01
3.385999999999999943e+01,2.175288652911673004e-01
3.387999999999999545e+01,2.765683418934299920e-01
3.390000000000000568e+01,2.806312783681658707e-01
3.392000000000000171e+01,8.543638064362037154e-02
3.393999999999999773e+01,-7.737214236469116060e-04
3.396000000000000085e+01,3.919746419173174984e-02
3.398000000000000398e+01,2.095967922268981432e-01
3.400000000000000000e+01,1.878264672601207552e-01
3.401999999999999602e+01,8.777210649703234835e-02
3.403999999999999915e+01,2.385192174457311520e-01
3.406000000000000227e+01,5.100759635610983139e-02
3.407999999999999829e+01,9.201303756988275795e-02
3.410000000000000142e+01,-8.147145548197173848e-02
3.412000000000000455e+01,1.955060512761111480e-01
3.414000000000000057e+01,-4.303487421580795558e-02
3.415999999999999659e+01,1.177893286754766178e-01
3.417999999999999972e+01,3.204632919262882101e-02
3.420000000000000284e+01,2.807673616020474050e-01
3.421999999999999886e+01,5.480917645859676585e-02
3.424000000000000199e+01,3.361661469818903736e-02
3.426000000000000512e+01,4.074225883356241140e-01
3.428000000000000114e+01,1.140538960016565795e-01
3.429999999999999716e+01,6.710287885303702071e-02
3.432000000000000028e+01,2.503023419341105504e-01
3.434000000000000341e+01,6.683877106682444003e-02
3.435999999999999943e+01,1.899199850285947511e-01
3.437999999999999545e+01,5.012655318376128821e-03
3.440000000000000568e+01,2.304312492437430859e-01
3.442000000000000171e+01,1.584638317110190209e-01
3.443999999999999773e+01,2.052413885830785822e-01
3.446000000000000085e+01,2.566708497140728351e-01
3.448000000000000398e+01,9.550647101895408386e-02
3.450000000000000000e+01,1.111248220520803520e-01
3.451999999999999602e+01,4.919085970385940476e-02
3.453999999999999915e+01,1.504120067267708527e-01
3.456000000000000227e+01,2.458956905791813419e-01
3.457999999999999829e+01,-4.971943912921030634e-02
3.460000000000000142e+01,2.072484846847822693e-01
3.462000000000000455e+01,1.989150746039409778e-01
3.464000000000000057e+01,2.220391461734740612e-01
3.465999999999999659e+01,3.187905155441014271e-01
3.467999999999999972e+01,1.757035252569184303e-01
3.470000000000000284e+01,2.294681148987104125e-01
3.471999999999999886e+01,2.358148151748188370e-01
3.474000000000000199e+01,2.221295696670719799e-01
3.476000000000000512e+01,1.340026720332823662e-01
3.478000000000000114e+01,6.518476983811312409e-02
3.479999999999999716e+01,2.805149565631588904e-01
3.482000000000000028e+01,1.799894236159427924e-02
3.484000000000000341e+01,3.275707891598750865e-01
3.485999999999999943e+01,1.216919031028557696e-01
3.487999999999999545e+01,2.652770158311566484e-01
3.490000000000000568e+01,2.376172787099903316e-01
3.492000000000000171e+01,1.345874491726933575e-01
3.493999999999999773e+01,3.323419316864315021e-01
3.496000000000000085e+01,5.404571360115519030e-02
3.498000000000000398e+01,3.664092142952689590e-01
3.500000000000000000e+01,1.886661208086262698e-02
3.501999999999999602e+01,2.227170345953269348e-02
3.503999999999999915e+01,2.139191709179767698e-01
3.506000000000000227e+01,5.041582844754880499e-01
3.507999999999999829e+01,5.046865921929760690e-01
3.510000000000000142e+01,2.783816676616887031e-01
3.512000000000000455e+01,4.067298364216234696e-01
3.514000000000000057e+01,4.985095615721778506e-01
3.515999999999999659e+01,4.678272084518416141e-01
3.517999999999999972e+01,7.094670042651355368e-01
3.520000000000000284e+01,8.313271894790114080e-01
3.521999999999999886e+01,8.497585191279093397e-01
3.524000000000000199e+01,6.638319419673995858e-01
3.526000000000000512e+01,1.136742623530889507e+00
3.528000000000000114e+01,1.654595740679790428e+00
3.529999999999999716e+01,1.527614895076069068e+00
3.532000000000000028e+01,2.348252351261869375e+00
3.534000000000000341e+01,2.698993231403798987e+00
3.535999999999999943e+01,3.759261386399356031e+00
3.537999999999999545e+01,5.576009274279472905e+00
3.540000000000000568e+01,1.271040838291004604e+01
3.542000000000000171e+01,2.975249755763996262e+01
3.543999999999999773e+01,6.392109890948704987e+01
3.546000000000000085e+01,1.000000000000000000e+02
3.548000000000000398e+01,8.927553338033166597e+01
3.550000000000000000e+01,4.944597377488990730e+01
3.551999999999999602e+01,2.128952914552479569e+01
3.553999999999999915e+01,9.185368406157573773e+00
3.556000000000000227e+01,5.032949859141100823e+00
3.557999999999999829e+01,3.523792305496473709e+00
3.560000000000000142e+01,2.608609832564117603e+00
3.562000000000000455e+01,1.662381440092753238e+00
3.564000000000000057e+01,1.214137727713396453e+00
3.565999999999999659e+01,9.945930965892721964e-01
3.567999999999999972e+01,1.014971008232728789e+00
3.570000000000000284e+01,1.115803550166507341e+00
3.571999999999999886e+01,9.511138877664107039e-01
3.574000000000000199e+01,5.324778683455639872e-01
3.576000000000000512e+01,6.451916334207260517e-01
3.578000000000000114e+01,3.130054710401120599e-01
3.579999999999999716e+01,6.026724773251760370e-01
3.582000000000000028e+01,4.937594534811725056e-01
3.584000000000000341e+01,3.079413479307233081e-01
3.585999999999999943e+01,4.261741707341746288e-01
3.587999999999999545e+01,3.756968897906847182e-01
3.590000000000000568e+01,2.210023879232034250e-01
3.592000000000000171e+01,1.896097324707097798e-01
3.593999999999999773e+01,4.260824997973316486e-01
3.596000000000000085e+01,4.375909416429711873e-01
3.598000000000000398e+01,2.061875197261524295e-01
3.600000000000000000e+01,2.492303882301390716e-01
3.601999999999999602e+01,3.321264586516228245e-01
3.603999999999999915e+01,5.280478689405744552e-02
3.606000000000000227e+01,1.442892461396656500e-01
3.607999999999999829e+01,-3.647786484301713400e-02
3.610000000000000142e+01,3.124851941037512515e-02
3.612000000000000455e+01,2.624631485762060068e-01
3.614000000000000057e+01,1.524522981605747063e-01
3.615999999999999659e+01,2.034587127668719686e-01
3.617999999999999972e+01,1.767741537043002187e-01
3.620000000000000284e+01,2.934668231215420420e-01
3.621999999999999886e+01,3.173931005888829676e-02
3.624000000000000199e+01,8.150496876788079770e-02
3.626000000000000512e+01,-2.953456900282082701e-02
3.628000000000000114e+01,-1.562857254697857523e-01
3.629999999999999716e+01,7.491863446336660681e-02
3.632000000000000028e+01,1.981361399303457060e-01
3.634000000000000341e+01,1.503315973855230969e-01
3.635999999999999943e+01,-1.461903974555520472e-02
3.637999999999999545e+01,4.565290567781631059e-02
3.640000000000000568e+01,-1.229547378651224022e-02
3.642000000000000171e+01,3.156468487861605748e-02
3.643999999999999773e+01,-3.909120886561873870e-02
3.646000000000000085e+01,2.694769024788005729e-01
3.648000000000000398e+01,3.355003409119507174e-02
3.650000000000000000e+01,-5.541792917849711064e-02
3.651999999999999602e+01,7.099762931726551207e-02
3.653999999999999915e+01,1.929434228299738430e-01
3.656000000000000227e+01,-1.172349829007015946e-02
3.657999999999999829e+01,-5.101271041779770893e-02
3.660000000000000142e+01,7.150150488275855420e-02
3.662000000000000455e+01,8.195416709815235567e-02
3.664000000000000057e+01,1.386554550587884294e-01
3.665999999999999659e+01,1.301394571549939309e-02
3.667999999999999972e+01,4.755151485836398018e-02
3.670000000000000284e+01,-1.416021082208554840e-02
3.671999999999999886e+01,1.808625251158278435e-01
3.674000000000000199e+01,8.275465551269739787e-04
3.676000000000000512e+01,4.286894592149376876e-02
3.678000000000000114e+01,9.681537967538472733e-02
3.679999999999999716e+01,7.676723488273030915e-02
3.682000000000000028e+01,1.779726644688067183e-01
3.684000000000000341e+01,-1.754066091368512992e-01
3.685999999999999943e+01,1.839002691550391810e-01
3.687999999999999545e+01,2.499302300354371842e-01
3.690000000000000568e+01,5.463613997993462673e-02
3.692000000000000171e+01,-6.208552169534523046e-02
3.693999999999999773e+01,9.499659015113086358e-02
3.696000000000000085e+01,6.230081706827560878e-02
3.698000000000000398e+01,3.000554894226841185e-01
3.700000000000000000e+01,1.156031145873733929e-01
3.701999999999999602e+01,-3.802648798724487383e-02
3.703999999999999915e+01,1.513671631953015795e-01
3.706000000000000227e+01,4.826502179168515316e-02
3.707999999999999829e+01,4.768445181313753223e-02
3.710000000000000142e+01,-2.483454693300730237e-02
3.712000000000000455e+01,2.465959083066504021e-01
3.714000000000000057e+01,1.280809338610934267e-01
3.715999999999999659e+01,-1.182416678768752061e-01
3.717999999999999972e+01,-1.695541418619232743e-02
3.720000000000000284e+01,2.279303025042849207e-01
3.721999999999999886e+01,4.675521730679441101e-02
3.724000000000000199e+01,1.671281245312427333e-01
3.726000000000000512e+01,5.310307780983367781e-02
3.728000000000000114e+01,1.149388904085765079e-01
3.729999999999999716e+01,9.730855824272921506e-02
3.732000000000000028e+01,1.183424689034913158e-01
3.734000000000000341e+01,5.302517133680263728e-02
3.735999999999999943e+01,-6.161549758019806144e-02
3.737999999999999545e+01,1.437987132730870476e-01
3.740000000000000568e+01,4.554544898974403205e-02
3.742000000000000171e+01,2.026731666214289518e-01
3.743999999999999773e+01,2.117633419657155291e-01
3.746000000000000085e+01,3.256119437753748902e-02
3.748000000000000398e+01,-1.525664725847016012e-02
3.750000000000000000e+01,1.323527392775985037e-02
3.751999999999999602e+01,1.545346521087080094e-01
3.753999999999999915e+01,2.681164101585598591e-01
3.756000000000000227e+01,1.660942954701070395e-01
3.757999999999999829e+01,9.337606202715859061e-02
3.760000000000000142e+01,3.427768591136796106e-01
3.762000000000000455e+01,1.036280104699632276e-01
3.764000000000000057e+01,9.072015349399314976e-02
3.765999999999999659e+01,2.934919772487405987e-01
3.767999999999999972e+01,1.700123317790021571e-01
3.770000000000000284e+01,2.616379777780174498e-01
3.771999999999999886e+01,6.794659366194215344e-02
3.774000000000000199e+01,2.939621830677663361e-01
3.776000000000000512e+01,1.161653048214130041e-01
3.778000000000000114e+01,2.338197512384342647e-01
3.779999999999999716e+01,1.579029475795613313e-01
3.782000000000000028e+01,3.399712178847660859e-01
3.784000000000000341e+01,2.712058589022727784e-01
3.785999999999999943e+01,1.635504895227033739e-01
3.787999999999999545e+01,3.666963536875286755e-01
3.790000000000000568e+01,3.617598920924819939e-01
3.792000000000000171e+01,2.198165098462527833e-01
3.793999999999999773e+01,4.674955560627492290e-01
3.796000000000000085e+01,1.551827549948863738e-01
3.798000000000000398e+01,3.646007976479383461e-01
3.800000000000000000e+01,2.832686340486360033e-01
3.801999999999999602e+01,2.063244024150803768e-01
3.803999999999999915e+01,5.503837164953567784e-01
3.806000000000000227e+01,3.450111884674185170e-01
3.807999999999999829e+01,7.006171856684842991e-01
3.810000000000000142e+01,8.736119698141420198e-01
3.812000000000000455e+01,1.278567407665199607e+00
3.814000000000000057e+01,1.831530291699380530e+00
3.815999999999999659e+01,2.844303247472158791e+00
3.817999999999999972e+01,6.453225522491055521e+00
3.820000000000000284e+01,1.440440718311107382e+01
3.821999999999999886e+01,3.016162454390303083e+01
3.824000000000000199e+01,3.933073495484407545e+01
3.826000000000000512e+01,3.057792252365257823e+01
3.828000000000000114e+01,1.629383915363435520e+01
3.829999999999999716e+01,7.071289156524109387e+00
3.832000000000000028e+01,3.521382064807988321e+00
3.834000000000000341e+01,1.683700436458762217e+00
3.835999999999999943e+01,1.329297015197731247e+00
3.837999999999999545e+01,1.278665565630222378e+00
3.840000000000000568e+01,7.160427227209631429e-01
3.842000000000000171e+01,7.819045958407557784e-01
3.843999999999999773e+01,4.544603841640518227e-01
3.846000000000000085e+01,7.369467163961801459e-01
3.848000000000000398e+01,5.736382163005152579e-01
3.850000000000000000e+01,2.567712926437149545e-01
3.851999999999999602e+01,2.956814282528461013e-01
3.853999999999999915e+01,3.193431710349839414e-01
3.856000000000000227e+01,2.015888200887972492e-01
3.857999999999999829e+01,3.851727628314599028e-01
3.860000000000000142e+01,5.610185212489199325e-02
3.862000000000000455e+01,8.385882387590329334e-02
3.864000000000000057e+01,8.869126068945350216e-02
3.865999999999999659e+01,2.788094437899320543e-01
3.867999999999999972e+01,3.124115781979554529e-01
3.870000000000000284e+01,8.138264343907795906e-02
3.871999999999999886e+01,1.118982263155711143e-01
3.874000000000000199e+01,3.025274539713412869e-01
3.876000000000000512e+01,1.053278353241085680e-01
3.878000000000000114e+01,2.796795746543523364e-01
3.879999999999999716e+01,2.341461197033272990e-01
3.882000000000000028e+01,5.415378856604188135e-02
3.884000000000000341e+01,6.085523329836282219e-02
3.885999999999999943e+01,1.585499992285705206e-01
3.887999999999999545e+01,8.187225481817694828e-02
3.890000000000000568e+01,6.342659934845337744e-02
3.892000000000000171e+01,8.970520469064227620e-02
3.893999999999999773e+01,2.488484366815409687e-01
3.896000000000000085e+01,7.432069622616076232e-02
3.898000000000000398e+01,1.767784942335414999e-01
3.900000000000000000e+01,2.632498780147637385e-01
3.901999999999999602e+01,2.445259254916364033e-01
3.903999999999999915e+01,1.070270320031743022e-01
3.906000000000000227e+01,1.530966113897148095e-01
3.907999999999999829e+01,4.471007738738727588e-02
3.910000000000000142e+01,2.447771962856807870e-01
3.912000000000000455e+01,2.030436656135733153e-01
3.914000000000000057e+01,2.480185954367710166e-01
3.915999999999999659e+01,-2.089673868477718854e-01
3.917999999999999972e+01,5.486895721640194096e-02
3.920000000000000284e+01,5.977274860208822010e-02
3.921999999999999886e+01,2.062158769751408494e-01
3.924000000000000199e+01,-9.208171769740340499e-04
3.926000000000000512e+01,4.614678801671980718e-02
3.928000000000000114e+01,-7.793292903960777340e-02
3.929999999999999716e+01,1.443484535262673230e-01
3.932000000000000028e+01,-6.561124702560957103e-03
3.934000000000000341e+01,-9.332082370301804375e-02
3.935999999999999943e+01,1.208027445000249694e-01
3.937999999999999545e+01,2.030779845492870495e-01
3.940000000000000568e+01,-4.727424886887318656e-02
3.942000000000000171e+01,1.341202961802839544e-01
3.943999999999999773e+01,2.210283949968084583e-01
3.946000000000000085e+01,5.791320704805549835e-02
3.948000000000000398e+01,2.182326611801474192e-01
3.950000000000000000e+01,3.192930499010759871e-01
3.951999999999999602e+01,8.379987505573618933e-02
3.953999999999999915e+01,1.000676214813343567e-01
3.956000000000000227e+01,5.051835998289126717e-02
3.957999999999999829e+01,1.876138687763245771e-01
3.960000000000000142e+01,7.097782782157807668e-02
3.962000000000000455e+01,1.644093504486472956e-01
3.964000000000000057e+01,8.567801577395522949e-02
3.965999999999999659e+01,-1.388035263710969414e-01
3.967999999999999972e+01,1.870238660047728596e-01
3.970000000000000284e+01,3.204154108907344978e-01
3.971999999999999886e+01,2.378433618330877131e-01
3.974000000000000199e+01,1.720145818663022103e-02
3.976000000000000512e+01,2.127937167871880170e-02
3.978000000000000114e+01,3.353311838769907904e-01
3.979999999999999716e+01,-3.103077288468891054e-02
3.982000000000000028e+01,1.401186619326932337e-01
3.984000000000000341e+01,1.326356112830162637e-01
3.985999999999999943e+01,2.147304331775651276e-01
3.987999999999999545e+01,1.143585796956640144e-01
3.990000000000000568e+01,1.681645980620982694e-01
3.992000000000000171e+01,1.963709701609520630e-01
3.993999999999999773e+01,9.661537997108218465e-03
3.996000000000000085e+01,2.873477742881380692e-01
3.998000000000000398e+01,6.268460973531463087e-02
4.000000000000000000e+01,4.122703454015137770e-02
4.001999999999999602e+01,6.747940955377799976e-02
4.003999999999999915e+01,5.951511269225353423e-02
4.006000000000000227e+01,5.265363974897441235e-02
4.007999999999999829e+01,7.702582571569667469e-02
4.010000000000000142e+01,5.913646816661512207e-02
4.012000000000000455e+01,3.411631954264334188e-01
4.014000000000000057e+01,4.030096684917121030e-01
4.015999999999999659e+01,5.462110540628890148e-02
4.017999999999999972e+01,4.691511222049076640e-02
4.020000000000000284e+01,1.356872927848589983e-01
4.021999999999999886e+01,3.464958856207714932e-01
4.024000000000000199e+01,2.329142724175168044e-01
4.026000000000000512e+01,3.165400222803783636e-01
4.028000000000000114e+01,8.998105766356118140e-01
4.029999999999999716e+01,9.986456422437050007e-01
4.032000000000000028e+01,1.761073970738027183e+00
4.034000000000000341e+01,3.615682420120362561e+00
4.035999999999999943e+01,8.068404271890058155e+00
4.037999999999999545e+01,1.491742613198103129e+01
4.040000000000000568e+01,1.938217502267993098e+01
4.042000000000000171e+01,1.466045763868150686e+01
4.043999999999999773e+01,6.864565946580449385e+00
4.046000000000000085e+01,3.252345631568907880e+00
4.048000000000000398e+01,1.651518289860486766e+00
4.050000000000000000e+01,9.946775610006369783e-01
4.051999999999999602e+01,5.894020430286067702e-01
4.053999999999999915e+01,5.941258927231228837e-01
4.056000000000000227e+01,4.867093697650304862e-01
4.057999999999999829e+01,4.577970125094349418e-01
4.060000000000000142e+01,4.363595591665573870e-01
4.062000000000000455e+01,9.782269103743852778e-02
4.064000000000000057e+01,2.449589584437562029e-01
4.065999999999999659e+01,4.192040391000445010e-01
4.067999999999999972e+01,2.300554488856556556e-01
4.070000000000000284e+01,4.317083468515063860e-01
4.071999999999999886e+01,4.277261567226356420e-01
4.074000000000000199e+01,4.547378086732779545e-01
4.076000000000000512e+01,6.653813097952206157e-02
4.078000000000000114e+01,3.809510820321109215e-01
4.079999999999999716e+01,1.772834137778876440e-01
4.082000000000000028e+01,1.115184089482329916e-01
4.084000000000000341e+01,1.691151105499661689e-01
4.085999999999999943e+01,1.863244786923362595e-01
4.087999999999999545e+01,1.281942282051639070e-01
4.090000000000000568e+01,3.542348406985185716e-01
4.092000000000000171e+01,7.644054994146393112e-02
4.093999999999999773e+01,1.949757795797600335e-01
4.096000000000000085e+01,-1.002773121152381042e-01
4.098000000000000398e+01,1.458295598571799356e-01
4.100000000000000000e+01,2.659755927663071118e-01
4.101999999999999602e+01,6.387255131004047903e-02
4.103999999999999915e+01,1.129883681482321267e-01
4.106000000000000227e+01,2.504751020456734076e-02
4.107999999999999829e+01,1.818895254162984643e-01
4.110000000000000142e+01,1.304902164528894959e-01
4.112000000000000455e+01,5.470236716967790541e-02
4.114000000000000057e+01,1.127714425372752377e-01
4.115999999999999659e+01,2.453151806715812011e-01
4.117999999999999972e+01,5.816447591843845050e-02
4.120000000000000284e+01,7.174019528595630690e-02
4.121999999999999886e+01,1.760307894639637494e-01
4.124000000000000199e+01,2.202119857874829112e-01
4.126000000000000512e+01,1.148250161673563391e-01
4.128000000000000114e+01,1.083540117234893102e-01
4.129999999999999716e+01,2.795821274051795147e-01
4.132000000000000028e+01,8.065054698732913863e-02
4.134000000000000341e+01,2.310665759695496591e-01
4.135999999999999943e+01,-6.844557501121181775e-02
4.137999999999999545e+01,1.476134505421356768e-01
4.140000000000000568e+01,1.021065900891603706e-01
4.142000000000000171e+01,8.878058805477306858e-02
4.143999999999999773e+01,1.293283733526759682e-01
4.146000000000000085e+01,9.816248945313151009e-02
4.148000000000000398e+01,3.691758087640201746e-01
4.150000000000000000e+01,2.873566012173967010e-01
4.151999999999999602e+01,1.036786921929136601e-01
4.153999999999999915e+01,-6.252089972367350090e-02
4.156000000000000227e+01,-2.570348308911717811e-02
4.157999999999999829e+01,1.655087465695903592e-01
4.160000000000000142e+01,1.982663126000837883e-01
4.162000000000000455e+01,2.925964978751942613e-01
4.164000000000000057e+01,1.588155853002465867e-01
4.165999999999999659e+01,8.303120154211170167e-02
4.167999999999999972e+01,1.827906467040191496e-01
4.170000000000000284e+01,8.313252677231076915e-02
4.171999999999999886e+01,1.538591858336241791e-01
4.174000000000000199e+01,2.600413223781930516e-01
4.176000000000000512e+01,1.540717538297553812e-01
4.178000000000000114e+01,6.753229611756679518e-02
4.179999999999999716e+01,1.948756569136957106e-01
4.182000000000000028e+01,1.930250278239922512e-01
4.184000000000000341e+01,2.578724582558754030e-01
4.185999999999999943e+01,-1.044208113390580200e-01
4.187999999999999545e+01,-3.872194465103685410e-03
4.190000000000000568e+01,3.028382490257357507e-01
4.192000000000000171e+01,3.765044563472264572e-01
4.193999999999999773e+01,1.913754612994031101e-01
4.196000000000000085e+01,2.562976215465965768e-01
4.198000000000000398e+01,1.919234336813234743e-01
4.200000000000000000e+01,2.078343159996057232e-02
4.202000000000000313e+01,1.035534720150513704e-01
4.203999999999999915e+01,2.655676222015807553e-01
4.206000000000000227e+01,3.391115575415326044e-01
4.207999999999999829e+01,4.768846851767865047e-01
4.210000000000000142e+01,4.487715877629333550e-01
4.211999999999999744e+01,3.721306731953622493e-01
4.214000000000000057e+01,7.346941339977131058e-01
4.216000000000000369e+01,1.219043686591208209e+00
4.217999999999999972e+01,1.942946683127240171e+00
4.220000000000000284e+01,4.291707038067361424e+00
4.221999999999999886e+01,8.145210984941881449e+00
4.224000000000000199e+01,1.126025452869521715e+01
4.225999999999999801e+01,9.040858204534000464e+00
4.228000000000000114e+01,4.438217409744788178e+00
4.229999999999999716e+01,2.099415883843081865e+00
4.232000000000000028e+01,9.704617347840434061e-01
4.234000000000000341e+01,6.065386141651246676e-01
4.235999999999999943e+01,5.377793798420131832e-01
4.238000000000000256e+01,8.085356387026090275e-01
4.239999999999999858e+01,7.624288000369214835e-01
4.242000000000000171e+01,4.467503522982536057e-01
4.243999999999999773e+01,5.070367036650327286e-01
4.246000000000000085e+01,6.922660837370021580e-01
4.248000000000000398e+01,3.365751982305244527e-01
4.250000000000000000e+01,5.930047418450012930e-01
4.252000000000000313e+01,4.204455900465504659e-01
4.253999999999999915e+01,7.632233397775896044e-01
4.256000000000000227e+01,6.734286470495890464e-01
4.257999999999999829e+01,9.476543645405698379e-01
4.260000000000000142e+01,1.133274724532329136e+00
4.261999999999999744e+01,1.376213998264818494e+00
4.264000000000000057e+01,1.742599090236535808e+00
4.266000000000000369e+01,2.457892952589608271e+00
4.267999999999999972e+01,3.088930417602330891e+00
4.270000000000000284e+01,4.478478457337185858e+00
4.271999999999999886e+01,1.050677229267348700e+01
4.274000000000000199e+01,2.115453474119899724e+01
4.275999999999999801e+01,3.578547944238258083e+01
4.278000000000000114e+01,4.244684736324925467e+01
4.279999999999999716e+01,4.275116871631509952e+01
4.282000000000000028e+01,4.217328607147373987e+01
4.284000000000000341e+01,3.048605802633378303e+01
4.285999999999999943e+01,1.611393402775806294e+01
4.288000000000000256e+01,7.232383055973352626e+00
4.289999999999999858e+01,4.236398363150984281e+00
4.292000000000000171e+01,2.427944545638779150e+00
4.293999999999999773e+01,1.753210098225928215e+00
4.296000000000000085e+01,1.334300402466507940e+00
4.298000000000000398e+01,1.162397479097293074e+00
4.300000000000000000e+01,7.098359261431091971e-01
4.302000000000000313e+01,7.929369044904904795e-01
4.303999999999999915e+01,4.351322779382104100e-01
4.306000000000000227e+01,7.609263678419675436e-01
4.307999999999999829e+01,5.537239985073922899e-01
4.310000000000000142e+01,5.531757772647848403e-01
4.311999999999999744e+01,3.766557309741611625e-01
4.314000000000000057e+01,4.182023668832479113e-01
4.316000000000000369e+01,5.430265208678803912e-01
4.317999999999999972e+01,1.673743517086213051e-01
4.320000000000000284e+01,3.401145788436211181e-01
4.321999999999999886e+01,8.017559745300026353e-02
4.324000000000000199e+01,2.112946019736093584e-01
4.325999999999999801e+01,1.533607360688831744e-01
4.328000000000000114e+01,9.762645542616531225e-02
4.329999999999999716e+01,4.309679410689807866e-01
4.332000000000000028e+01,4.095707201437646661e-01
4.334000000000000341e+01,1.152578211363926436e-01
4.335999999999999943e+01,5.590799118254310279e-02
4.338000000000000256e+01,2.202082336852785038e-01
4.339999999999999858e+01,2.344510014508743509e-02
4.342000000000000171e+01,7.365488285689572590e-02
4.343999999999999773e+01,-7.975869516507121809e-03
4.346000000000000085e+01,1.389387300526000457e-01
4.348000000000000398e+01,4.717885392357473034e-02
4.350000000000000000e+01,1.693537077915619748e-01
4.352000000000000313e+01,1.714599441321946194e-01
4.353999999999999915e+01,2.747060445964798481e-01
4.356000000000000227e+01,-5.057653272284926005e-02
4.357999999999999829e+01,3.540853524711466693e-02
4.360000000000000142e+01,3.132895374890839330e-02
4.361999999999999744e+01,2.749361844708604896e-01
4.364000000000000057e+01,1.021727129343040913e-01
4.366000000000000369e+01,1.925329958298214461e-01
4.367999999999999972e+01,-7.777860817046051978e-02
4.370000000000000284e+01,2.140044012079785896e-01
4.371999999999999886e+01,3.667048243475662939e-01
4.374000000000000199e+01,1.626404742003336734e-01
4.375999999999999801e+01,1.000640525156949456e-01
4.378000000000000114e+01,1.155213287505837683e-01
4.379999999999999716e+01,1.413594882894114724e-01
4.382000000000000028e+01,-7.276866099025129653e-02
4.384000000000000341e+01,1.368176478237270732e-01
4.385999999999999943e+01,2.041943639776724606e-01
4.388000000000000256e+01,1.824978834565668950e-01
4.389999999999999858e+01,1.826908695660585044e-02
4.392000000000000171e+01,2.822188145994528052e-01
4.393999999999999773e+01,1.945797187869744704e-01
4.396000000000000085e+01,1.768132748915225011e-02
4.398000000000000398e+01,8.263490001169067345e-02
4.400000000000000000e+01,6.525863009015216154e-02
4.402000000000000313e+01,1.355992202468368490e-01
4.403999999999999915e+01,1.072874636162946677e-02
4.406000000000000227e+01,8.084336756282875514e-02
4.407999999999999829e+01,6.913675664195340423e-03
4.410000000000000142e+01,1.662949200427796814e-01
4.411999999999999744e+01,6.086566990947173128e-02
4.414000000000000057e+01,2.293496571895004832e-01
4.416000000000000369e+01,-9.454408409485031903e-03
4.417999999999999972e+01,2.297438421696782751e-01
4.420000000000000284e+01,1.084719067814833848e-01
4.421999999999999886e+01,3.668426009144828970e-02
4.424000000000000199e+01,-1.261618454552389801e-01
4.425999999999999801e+01,1.628979399542922479e-01
4.428000000000000114e+01,2.127393365995990937e-01
4.430000000000000426e+01,-9.621551987003774953e-02
4.432000000000000028e+01,7.311567918014641454e-02
4.434000000000000341e+01,2.055680797803039195e-01
4.435999999999999943e+01,1.455071181678626036e-01
4.438000000000000256e+01,8.586775714080563393e-03
4.439999999999999858e+01,2.884598651878246267e-01
4.442000000000000171e+01,1.273857968842734278e-02
4.443999999999999773e+01,1.651161789008182001e-01
4.446000000000000085e+01,2.306387640575988940e-01
4.448000000000000398e+01,-1.828702401445187180e-03
4.450000000000000000e+01,-7.528229596281930946e-02
4.452000000000000313e+01,1.130043120572391813e-01
4.453999999999999915e+01,-1.457827108409721628e-01
4.456000000000000227e+01,-1.090810775064351840e-01
4.457999999999999829e+01,2.660572581755541247e-02
4.460000000000000142e+01,-3.224471852368844538e-02
4.461999999999999744e+01,4.193002208306714079e-02
4.464000000000000057e+01,1.215914223103984476e-01
4.466000000000000369e+01,3.881644219127012851e-01
4.467999999999999972e+01,2.498555771154516159e-01
4.470000000000000284e+01,1.566290095653821157e-01
4.471999999999999886e+01,1.220347318380668455e-01
4.474000000000000199e+01,3.489771827844464491e-01
4.475999999999999801e+01,5.332975598935106587e-02
4.478000000000000114e+01,8.605668491851613255e-02
4.480000000000000426e+01,4.174883338567026564e-02
4.482000000000000028e+01,-3.755620020857675795e-02
4.484000000000000341e+01,2.179669658443767477e-01
4.485999999999999943e+01,1.528321114647721857e-01
4.488000000000000256e+01,1.606596915653467905e-01
4.489999999999999858e+01,1.439885304161801494e-01
4.492000000000000171e+01,1.565865966555441968e-01
4.493999999999999773e+01,2.612548697267425557e-01
4.496000000000000085e+01,-4.870732099178008007e-02
4.498000000000000398e+01,1.610836137990535920e-03
4.500000000000000000e+01,2.197905268126004036e-02
4.502000000000000313e+01,1.941933270642685061e-01
4.503999999999999915e+01,1.186270810816580229e-01
4.506000000000000227e+01,4.437732141061923041e-01
4.507999999999999829e+01,2.527493103772018856e-01
4.510000000000000142e+01,2.669766963128769599e-01
4.511999999999999744e+01,6.159774691526530982e-02
4.514000000000000057e+01,3.284841636943767185e-01
4.516000000000000369e+01,-1.001203630398266597e-01
4.517999999999999972e+01,2.984268237445540928e-01
4.520000000000000284e+01,8.825980585592788641e-01
4.521999999999999886e+01,1.439463504081519352e+00
4.524000000000000199e+01,2.061335966251174323e+00
4.525999999999999801e+01,4.118917980274563462e+00
4.528000000000000114e+01,3.904706819313529031e+00
4.530000000000000426e+01,2.320699851167125516e+00
4.532000000000000028e+01,1.160328206615843794e+00
4.534000000000000341e+01,4.996887065501803837e-01
4.535999999999999943e+01,4.312602035329014538e-01
4.538000000000000256e+01,3.711042103164616801e-01
4.539999999999999858e+01,3.633945559357562582e-01
4.542000000000000171e+01,3.558778560011370828e-01
4.543999999999999773e+01,3.124066365095578002e-01
4.546000000000000085e+01,5.634864328744515483e-01
4.548000000000000398e+01,5.120995622462900521e-01
4.550000000000000000e+01,2.926402579148789096e-01
4.552000000000000313e+01,6.370186660139531831e-01
4.553999999999999915e+01,9.542463304853395778e-01
4.556000000000000227e+01,5.307575932462990087e-01
4.557999999999999829e+01,7.050249564796624568e-01
4.560000000000000142e+01,1.110251261912635234e+00
4.561999999999999744e+01,2.599454281024443869e+00
4.564000000000000057e+01,4.498961224071901910e+00
4.566000000000000369e+01,9.457307356121805952e+00
4.567999999999999972e+01,1.717280966048025448e+01
4.570000000000000284e+01,1.756289719051467557e+01
4.571999999999999886e+01,1.371128927472853576e+01
4.574000000000000199e+01,1.031155976337133318e+01
4.575999999999999801e+01,1.227548912914273593e+01
4.578000000000000114e+01,1.610657538001400013e+01
4.580000000000000426e+01,1.846849360505774840e+01
4.582000000000000028e+01,1.293871190298881224e+01
4.584000000000000341e+01,7.609455168823848759e+00
4.585999999999999943e+01,5.285285351246916008e+00
4.588000000000000256e+01,3.945906942813519169e+00
4.589999999999999858e+01,2.587755553409354814e+00
4.592000000000000171e+01,1.522822275268784553e+00
4.593999999999999773e+01,9.687230200478492703e-01
4.596000000000000085e+01,6.204983945845091720e-01
4.598000000000000398e+01,7.299667217456892176e-01
4.600000000000000000e+01,4.642446711152614092e-01
4.602000000000000313e+01,5.289956579340381326e-01
4.603999999999999915e+01,4.167820709091081821e-01
4.606000000000000227e+01,1.955705800262387828e-01
4.607999999999999829e+01,-1.724117859670747837e-03
4.610000000000000142e+01,2.116554145396608855e-01
4.611999999999999744e+01,2.690860700298472463e-01
4.614000000000000057e+01,1.321365540833408514e-01
4.616000000000000369e+01,1.636403405032271774e-01
4.617999999999999972e+01,1.122193354444687430e-01
4.620000000000000284e+01,2.923737587241546643e-01
4.621999999999999886e+01,2.100483100338414455e-01
4.624000000000000199e+01,2.204254006414196609e-01
4.625999999999999801e+01,1.073352539460998567e-01
4.628000000000000114e+01,-8.997189764743251938e-02
4.630000000000000426e+01,1.294492904335750871e-01
4.632000000000000028e+01,6.172652379733824246e-02
4.634000000000000341e+01,1.353512351706256389e-01
4.635999999999999943e+01,1.349654798502427366e-01
4.638000000000000256e+01,1.023577095276818200e-01
4.639999999999999858e+01,1.716595910040832340e-01
4.642000000000000171e+01,1.134804085701216630e-01
4.643999999999999773e+01,2.270383224726823523e-01
4.646000000000000085e+01,1.591123178452426845e-01
4.648000000000000398e+01,1.556146277294790381e-01
4.650000000000000000e+01,5.692831223945552660e-02
4.652000000000000313e+01,2.591573093990710008e-01
4.653999999999999915e+01,1.476575688361925209e-02
4.656000000000000227e+01,1.247194171132519902e-01
4.657999999999999829e+01,5.705425949306378031e-02
4.660000000000000142e+01,4.994554493905194875e-02
4.661999999999999744e+01,5.670308434629470207e-02
4.664000000000000057e+01,1.665505414792440020e-01
4.666000000000000369e+01,1.431977102504700394e-01
4.667999999999999972e+01,-7.881780721699939429e-02
4.670000000000000284e+01,-4.984312265592647645e-02
4.671999999999999886e+01,2.099599627365739407e-01
4.674000000000000199e+01,-8.859174236110238521e-02
4.675999999999999801e+01,1.497554495432799337e-01
4.678000000000000114e+01,-9.420514968439585093e-03
4.680000000000000426e+01,7.377376058556520122e-02
4.682000000000000028e+01,1.746222836486119590e-01
4.684000000000000341e+01,-5.203279122600441148e-02
4.685999999999999943e+01,1.869024964248292009e-01
4.688000000000000256e+01,2.713535470205001299e-01
4.689999999999999858e+01,1.547352321176317935e-01
4.692000000000000171e+01,-5.419988246725254699e-02
4.693999999999999773e+01,-3.039592125942066486e-02
4.696000000000000085e+01,7.241297164418168675e-02
4.698000000000000398e+01,1.736941254218892228e-01
4.700000000000000000e+01,9.341166792359610616e-02
4.702000000000000313e+01,3.791180551832015744e-02
4.703999999999999915e+01,1.650037374074213581e-01
4.706000000000000227e+01,1.237614717812178383e-01
4.707999999999999829e+01,2.636770738070235431e-01
4.710000000000000142e+01,1.095871597785526008e-01
4.711999999999999744e+01,7.688670413273109017e-02
4.714000000000000057e+01,-3.735569332929324776e-02
4.716000000000000369e+01,7.666084265805736542e-02
4.717999999999999972e+01,9.665260644042227012e-02
4.720000000000000284e+01,1.630283754006911223e-01
4.721999999999999886e+01,1.112771002937700954e-01
4.724000000000000199e+01,1.170047031384118252e-01
4.725999999999999801e+01,-1.361835908487222246e-01
4.728000000000000114e+01,4.531546174382868747e-02
4.730000000000000426e+01,5.890987158303198634e-02
4.732000000000000028e+01,3.200837199246112097e-01
4.734000000000000341e+01,1.153552518068439864e-01
4.735999999999999943e+01,1.102815717045431965e-01
4.738000000000000256e+01,1.256510414555354338e-01
4.739999999999999858e+01,6.888249332538284864e-02
4.742000000000000171e+01,-3.553256775061851974e-02
4.743999999999999773e+01,5.167838253454856007e-02
4.746000000000000085e+01,1.741600953257576093e-02
4.748000000000000398e+01,1.217331253277460501e-01
4.750000000000000000e+01,9.332322988209831860e-02
4.752000000000000313e+01,2.250666358598554517e-01
4.753999999999999915e+01,4.649748072605167093e-02
4.756000000000000227e+01,2.065846566573340537e-01
4.757999999999999829e+01,1.312433663415855101e-01
4.760000000000000142e+01,-3.506274764599627558e-02
4.761999999999999744e+01,2.193444274923145032e-01
4.764000000000000057e+01,1.161085466891173951e-01
4.766000000000000369e+01,2.051613131054486061e-01
4.767999999999999972e+01,2.170672911081454048e-01
4.770000000000000284e+01,-1.618905620335510040e-02
4.771999999999999886e+01,1.923496474351506225e-01
4.774000000000000199e+01,1.365375997386381393e-02
4.775999999999999801e+01,2.290352989910699189e-01
4.778000000000000114e+01,1.657354669609828191e-01
4.780000000000000426e+01,1.509306162830000853e-01
4.782000000000000028e+01,1.542885948673279606e-01
4.784000000000000341e+01,3.747643545364670592e-02
4.785999999999999943e+01,2.008030939195910303e-01
4.788000000000000256e+01,-9.658024257388572731e-02
4.789999999999999858e+01,9.938224070463599902e-02
4.792000000000000171e+01,8.478169454339495870e-02
4.793999999999999773e+01,-6.996444187491306088e-02
4.796000000000000085e+01,1.510939570882242067e-01
4.798000000000000398e+01,-1.714998738885062032e-02
4.800000000000000000e+01,-1.419112556148610094e-01
4.802000000000000313e+01,2.689854567927293938e-01
4.803999999999999915e+01,9.955332044088349708e-02
4.806000000000000227e+01,9.300710889242223833e-02
4.807999999999999829e+01,2.164095643751884623e-01
4.810000000000000142e+01,3.186682205013647851e-01
4.811999999999999744e+01,1.683293650298081090e-01
4.814000000000000057e+01,2.284069187779479981e-01
4.816000000000000369e+01,2.573645824974899465e-01
4.817999999999999972e+01,6.993738753038036826e-02
4.820000000000000284e+01,2.725001711180158326e-01
4.821999999999999886e+01,5.674567505730753192e-01
4.824000000000000199e+01,5.541770600618109999e-01
4.825999999999999801e+01,4.643531863862095932e-01
4.828000000000000114e+01,3.373683051588191040e-01
4.830000000000000426e+01,3.413130873188321979e-01
4.832000000000000028e+01,2.212266596107924921e-01
4.834000000000000341e+01,6.880056488609965770e-01
4.835999999999999943e+01,5.894554456938491116e-01
4.838000000000000256e+01,4.293240590852488436e-01
4.839999999999999858e+01,9.321034983405067365e-02
4.842000000000000171e+01,5.513139657427405804e-02
4.843999999999999773e+01,-1.500324778990063876e-02
4.846000000000000085e+01,1.078120565006207981e-01
4.848000000000000398e+01,1.794335288310857923e-01
4.850000000000000000e+01,-3.157138216864655705e-02
4.852000000000000313e+01,1.286004222720219317e-02
4.853999999999999915e+01,3.646857727035983654e-01
4.856000000000000227e+01,8.351509208620663816e-02
4.857999999999999829e+01,2.029905532892179454e-01
4.860000000000000142e+01,7.126976102082394071e-02
4.861999999999999744e+01,-2.904588111859398789e-02
4.864000000000000057e+01,6.896319824532590181e-02
4.866000000000000369e+01,2.291224422665268379e-01
4.867999999999999972e+01,2.080614346292714301e-01
4.870000000000000284e+01,1.204806078615527354e-01
4.871999999999999886e+01,3.941749673079764267e-03
4.874000000000000199e+01,1.296593756959512345e-01
4.875999999999999801e+01,2.453090470973723694e-02
4.878000000000000114e+01,2.799264552981427928e-02
4.880000000000000426e+01,-5.974548186632355762e-02
4.882000000000000028e+01,-7.917096545969493082e-02
4.884000000000000341e+01,-1.987487424083930060e-02
4.885999999999999943e+01,2.107718234785644143e-02
4.888000000000000256e+01,-2.944989825680250847e-02
4.889999999999999858e+01,2.510843032291039112e-01
4.892000000000000171e+01,-1.734906925816563856e-03
4.893999999999999773e+01,1.421867768938261112e-01
4.896000000000000085e+01,1.728969954038714618e-01
4.898000000000000398e+01,-1.504442548739758911e-01
4.900000000000000000e+01,1.746317548039304501e-01
4.902000000000000313e+01,7.617473134910433819e-02
4.903999999999999915e+01,2.578936451063327390e-02
4.906000000000000227e+01,1.363438260751108910e-01
4.907999999999999829e+01,7.280745695558696329e-02
4.910000000000000142e+01,7.213753990825429174e-02
4.911999999999999744e+01,4.627598952138159243e-03
4.914000000000000057e+01,-2.683201188479537175e-02
4.916000000000000369e+01,-1.710435831608793922e-01
4.917999999999999972e+01,1.770552885432502277e-01
4.920000000000000284e+01,2.097661081610217582e-01
4.921999999999999886e+01,5.304611459224722186e-02
4.924000000000000199e+01,-2.669684424513599219e-02
4.925999999999999801e+01,2.732492329750370597e-01
4.928000000000000114e+01,8.095586809527888228e-02
4.930000000000000426e+01,1.344216562681266602e-01
4.932000000000000028e+01,1.990851281939404194e-02
4.934000000000000341e+01,-6.630323135292259806e-02
4.935999999999999943e+01,1.567890407388146112e-01
4.938000000000000256e+01,6.507253775331775514e-02
4.939999999999999858e+01,5.323353514056126251e-02
4.942000000000000171e+01,-5.681467034691241313e-02
4.943999999999999773e+01,1.340611745154030587e-01
4.946000000000000085e+01,7.647035178906171071e-03
4.948000000000000398e+01,6.076131247175725614e-02
4.950000000000000000e+01,-5.204684573623431960e-03
4.952000000000000313e+01,2.479816499724265544e-01
4.953999999999999915e+01,-7.429150705073933950e-03
4.956000000000000227e+01,2.072803018296616728e-01
4.957999999999999829e+01,1.250052321066811301e-01
4.960000000000000142e+01,2.972548772506827808e-02
4.961999999999999744e+01,7.288350010936241359e-03
4.964000000000000057e+01,-7.704126096278071656e-02
4.966000000000000369e+01,1.054759924379210234e-01
4.967999999999999972e+01,1.467144038712538401e-01
4.970000000000000284e+01,-6.010554698235566484e-02
4.971999999999999886e+01,8.940467455116504758e-02
4.974000000000000199e+01,-2.598921890323287187e-02
4.975999999999999801e+01,1.531769374886560731e-01
4.978000000000000114e+01,9.278663012740379079e-02
4.980000000000000426e+01,5.305179202793285087e-02
4.982000000000000028e+01,1.671944040367286111e-01
4.984000000000000341e+01,2.175010468481264059e-01
4.985999999999999943e+01,-8.455881415416098557e-02
4.988000000000000256e+01,1.244313370415369401e-02
4.989999999999999858e+01,1.376319902937946649e-01
4.992000000000000171e+01,6.896011855325183404e-02
4.993999999999999773e+01,-8.565180607608489927e-02
4.996000000000000085e+01,1.559824749794431510e-02
4.998000000000000398e+01,1.550593608892054942e-01
5.000000000000000000e+01,-5.364858401388214459e-02
5.002000000000000313e+01,6.088219565017471795e-03
5.003999999999999915e+01,4.187760575855286466e-02
5.006000000000000227e+01,3.031151371304057970e-03
5.007999999999999829e+01,2.628614915010935374e-02
5.010000000000000142e+01,-1.029696118047672242e-02
5.011999999999999744e+01,8.114194477555679297e-02
5.014000000000000057e+01,-4.447533633737288383e-02
5.016000000000000369e+01,4.390493925688269267e-02
5.017999999999999972e+01,7.521723824971156269e-02
5.020000000000000284e+01,8.713792680536008861e-02
5.021999999999999886e+01,-9.168016577459272426e-03
5.024000000000000199e+01,6.517086772559191332e-02
5.025999999999999801e+01,2.240159034726404985e-02
5.028000000000000114e+01,-3.984722337499339156e-02
5.030000000000000426e+01,6.253110216465242177e-02
5.032000000000000028e+01,1.713231806557426185e-01
5.034000000000000341e+01,1.992389731111290363e-01
5.035999999999999943e+01,1.595185094808718174e-01
5.038000000000000256e+01,3.137410526495391094e-01
5.039999999999999858e+01,-1.299062499840613130e-02
5.042000000000000171e+01,2.893466102392063324e-02
5.043999999999999773e+01,3.074447278519380853e-03
5.046000000000000085e+01,-5.904529064541032962e-02
5.048000000000000398e+01,1.204930239706167305e-01
5.050000000000000000e+01,4.560859486536494173e-02
5.052000000000000313e+01,-9.475834865950388472e-03
5.053999999999999915e+01,7.896372809753812727e-02
5.056000000000000227e+01,1.202896802933871440e-01
5.057999999999999829e+01,-7.673462759045876491e-02
5.060000000000000142e+01,1.027001490428569586e-01
5.061999999999999744e+01,-4.185260889516001503e-02
5.064000000000000057e+01,1.226553987657209681e-02
5.066000000000000369e+01,8.912138889698552335e-02
5.067999999999999972e+01,-7.460422410189836151e-02
5.070000000000000284e+01,-7.662448874794747233e-02
5.071999999999999886e+01,1.268966607500686405e-01
5.074000000000000199e+01,-4.622149108585337646e-02
5.075999999999999801e+01,-2.177909066191592927e-02
5.078000000000000114e+01,1.176802782290232580e-01
5.080000000000000426e+01,7.741400960159142142e-02
5.082000000000000028e+01,8.740159195614712051e-02
5.084000000000000341e+01,9.801277807028332956e-02
5.085999999999999943e+01,9.769348395490740078e-02
5.088000000000000256e+01,-4.393558713912208702e-02
5.089999999999999858e+01,4.275790502191405967e-02
5.092000000000000171e+01,1.771212452916242491e-02
5.093999999999999773e+01,1.806562759135065255e-01
5.096000000000000085e+01,-1.229887546493989847e-01
5.098000000000000398e+01,2.059790985467417901e-01
5.100000000000000000e+01,1.708668411185556013e-01
5.102000000000000313e+01,7.690749765416995953e-02
5.103999999999999915e+01,-8.541413448096089878e-02
5.106000000000000227e+01,4.218175748392138380e-01
5.107999999999999829e+01,2.284029573810678893e-01
5.110000000000000142e+01,-1.077157664738914306e-01
5.111999999999999744e+01,2.961516872603928152e-01
5.114000000000000057e+01,-3.038083129955372261e-02
5.116000000000000369e+01,5.826999749480948898e-02
5.117999999999999972e+01,1.530365933939462630e-01
5.120000000000000284e+01,9.163957893187936465e-02
5.121999999999999886e+01,1.888062282597301744e-01
5.124000000000000199e+01,7.030831446372530491e-02
5.125999999999999801e+01,-3.641188221688216459e-02
5.128000000000000114e+01,1.426862011562176069e-01
5.130000000000000426e+01,1.943030489770104785e-01
5.132000000000000028e+01,-2.337788412025767482e-01
5.134000000000000341e+01,-9.615269419972047316e-02
5.135999999999999943e+01,3.935959987655113235e-02
5.138000000000000256e+01,8.320251342353378321e-02
5.139999999999999858e+01,1.311451079021718202e-01
5.142000000000000171e+01,1.554149804692417647e-01
5.143999999999999773e+01,5.895644906864268286e-02
5.146000000000000085e+01,1.156043881608520979e-01
5.148000000000000398e+01,9.185251182103557066e-02
5.150000000000000000e+01,-1.136023130850562224e-01
5.152000000000000313e+01,1.492104202338184402e-02
5.153999999999999915e+01,4.009752790897892424e-03
5.156000000000000227e+01,2.774553463116383872e-02
5.157999999999999829e+01,1.595475893633584996e-01
5.160000000000000142e+01,-1.194851862334909628e-02
5.161999999999999744e+01,1.615887026862663500e-01
5.164000000000000057e+01,-3.238957082157464806e-02
5.166000000000000369e+01,1.664834188743607446e-01
5.167999999999999972e+01,2.226533823878172891e-01
5.170000000000000284e+01,5.405803789711606244e-01
5.171999999999999886e+01,7.445784849543730932e-02
5.174000000000000199e+01,2.861258392639227099e-01
5.175999999999999801e+01,2.397061767366175100e-01
5.178000000000000114e+01,3.042600052985658943e-01
5.180000000000000426e+01,1.450279088321150267e-01
5.182000000000000028e+01,2.386629183492218476e-02
5.184000000000000341e+01,9.087284178429418102e-02
5.185999999999999943e+01,1.647283767835756862e-01
5.188000000000000256e+01,1.321588669176951003e-01
5.189999999999999858e+01,2.214576051899436460e-01
5.192000000000000171e+01,3.736456998110597449e-02
5.193999999999999773e+01,-2.301774109011969771e-02
5.196000000000000085e+01,2.229517495872881672e-01
5.198000000000000398e+01,3.203408148630340069e-01
5.200000000000000000e+01,2.399131514853591607e-01
5.202000000000000313e+01,5.913875098384644424e-01
5.203999999999999915e+01,1.433014619189547423e+00
5.206000000000000227e+01,2.291073294432735885e+00
5.207999999999999829e+01,2.676465834217951034e+00
5.210000000000000142e+01,2.399946137361543386e+00
5.211999999999999744e+01,1.694278415644170588e+00
5.214000000000000057e+01,1.255309811224745831e+00
5.216000000000000369e+01,7.775395301059725428e-01
5.217999999999999972e+01,8.820315412478342276e-01
5.220000000000000284e+01,1.081998481444667037e+00
5.221999999999999886e+01,6.513128405438036728e-01
5.224000000000000199e+01,6.042260465144252413e-01
5.225999999999999801e+01,4.495234941825764774e-01
5.228000000000000114e+01,1.600334802329975714e-01
5.230000000000000426e+01,3.137001913353519300e-01
5.232000000000000028e+01,2.696712912447589150e-01
5.234000000000000341e+01,-6.413649097512131615e-03
5.235999999999999943e+01,1.823985428919795704e-01
5.238000000000000256e+01,1.861689745625944581e-01
5.239999999999999858e+01,4.101554478040846108e-02
5.242000000000000171e+01,-1.003623303880496892e-01
5.243999999999999773e+01,2.920401848665342692e-01
5.246000000000000085e+01,1.779172997157815184e-01
5.248000000000000398e+01,1.879140503813149232e-01
5.250000000000000000e+01,1.707749957772801974e-01
5.252000000000000313e+01,5.109280195750318665e-01
5.253999999999999915e+01,4.488899836366839757e-01
5.256000000000000227e+01,5.318037374082300595e-01
5.257999999999999829e+01,4.072032157853410772e-01
5.260000000000000142e+01,2.840482828852724517e-01
5.261999999999999744e+01,2.174697881460964377e-01
5.264000000000000057e+01,1.480552231364168358e-01
5.266000000000000369e+01,1.245973795334364836e-01
5.267999999999999972e+01,-1.341907357025044767e-01
5.270000000000000284e+01,1.101246005158043051e-01
5.271999999999999886e+01,1.354620961908243326e-01
5.274000000000000199e+01,1.373425256251547544e-01
5.275999999999999801e+01,-4.318514611495551103e-02
5.278000000000000114e+01,1.134812005690901890e-02
5.280000000000000426e+01,1.720014292095931388e-02
5.282000000000000028e+01,1.669954918868724880e-01
5.284000000000000341e+01,1.342377182464501162e-01
5.285999999999999943e+01,2.799858572200728535e-01
5.288000000000000256e+01,-2.576544002323375229e-02
5.289999999999999858e+01,1.645781451624044878e-01
5.292000000000000171e+01,2.005888703319063660e-01
5.293999999999999773e+01,8.521685682798230133e-02
5.296000000000000085e+01,1.766404805759536623e-01
5.298000000000000398e+01,1.961628150982325514e-01
5.300000000000000000e+01,1.296882316473634833e-01
5.302000000000000313e+01,3.698364526323415502e-01
5.303999999999999915e+01,4.174854903966186970e-01
5.306000000000000227e+01,1.099404002455415696e+00
5.307999999999999829e+01,1.900933076161486879e+00
5.310000000000000142e+01,1.543263396362484663e+00
5.311999999999999744e+01,1.384056103482287137e+00
5.314000000000000057e+01,1.833822055431821418e+00
5.316000000000000369e+01,1.557394290402529524e+00
5.317999999999999972e+01,1.673015834263318791e+00
5.320000000000000284e+01,1.808935650712812260e+00
5.321999999999999886e+01,8.401357571139337344e-01
5.324000000000000199e+01,5.168526624202586239e-01
5.325999999999999801e+01,2.777796156193567123e-01
5.328000000000000114e+01,3.058768473496902840e-01
5.330000000000000426e+01,-2.694454161614117868e-02
5.332000000000000028e+01,2.150080165159052592e-01
5.334000000000000341e+01,1.466969120569263374e-01
5.335999999999999943e+01,2.936483340048909874e-01
5.338000000000000256e+01,2.146935432034191849e-01
5.339999999999999858e+01,5.532127102120443229e-01
5.342000000000000171e+01,1.725046067588037746e-01
5.343999999999999773e+01,1.232691320071429147e-01
5.346000000000000085e+01,3.209338467408510698e-01
5.348000000000000398e+01,7.690708656280993705e-02
5.350000000000000000e+01,2.712548670336138446e-01
5.352000000000000313e+01,3.423710420580087371e-02
5.353999999999999915e+01,2.091012782739600229e-01
5.356000000000000227e+01,1.553095118061014190e-01
5.357999999999999829e+01,2.057716396791685332e-01
5.360000000000000142e+01,1.792651257840630064e-01
5.361999999999999744e+01,7.260729230939194645e-02
5.364000000000000057e+01,2.986656213231642654e-01
5.366000000000000369e+01,2.344228791825145319e-01
5.367999999999999972e+01,3.433675988647419963e-01
5.370000000000000284e+01,4.012959124392925792e-01
5.371999999999999886e+01,4.224265142688262697e-01
5.374000000000000199e+01,4.204332725782798375e-01
5.375999999999999801e+01,4.698149429668341259e-01
5.378000000000000114e+01,7.380726164052097138e-01
5.380000000000000426e+01,7.737011624323577585e-01
5.382000000000000028e+01,2.155928979836130743e+00
5.384000000000000341e+01,4.538914439666373646e+00
5.385999999999999943e+01,7.723334321431705618e+00
5.388000000000000256e+01,9.872943126642358180e+00
5.389999999999999858e+01,9.810698777949632188e+00
5.392000000000000171e+01,5.252928568803814535e+00
5.393999999999999773e+01,2.330116110496702309e+00
5.396000000000000085e+01,1.201021473068771384e+00
5.398000000000000398e+01,8.863504326842432945e-01
5.400000000000000000e+01,4.841348463477045394e-01
5.402000000000000313e+01,5.443013548869063412e-01
5.403999999999999915e+01,6.562289148518805071e-01
5.406000000000000227e+01,3.205546250690679000e-01
5.407999999999999829e+01,2.042695190451157550e-01
5.410000000000000142e+01,2.107352575210593715e-01
5.411999999999999744e+01,1.122664328840238257e-01
5.414000000000000057e+01,1.247504457469313516e-01
5.416000000000000369e+01,3.811471476652262408e-02
5.417999999999999972e+01,2.485620357925985013e-01
5.420000000000000284e+01,1.291168965955933612e-01
5.421999999999999886e+01,2.550979117709639699e-01
5.424000000000000199e+01,-7.057416667303779978e-02
5.425999999999999801e+01,1.351200055176420833e-01
5.428000000000000114e+01,-4.255142351800515754e-03
5.430000000000000426e+01,2.861553826517049259e-01
5.432000000000000028e+01,6.764418338695495081e-02
5.434000000000000341e+01,1.778065622971434778e-01
5.435999999999999943e+01,1.210438627003644907e-01
5.438000000000000256e+01,1.149640194998195475e-01
5.439999999999999858e+01,1.597487830135130293e-01
5.442000000000000171e+01,1.698411442222455270e-01
5.443999999999999773e+01,6.362853289826543579e-02
5.446000000000000085e+01,6.488477237246569052e-02
5.448000000000000398e+01,1.635672906024669138e-01
5.450000000000000000e+01,-1.842105172712795585e-02
5.452000000000000313e+01,5.255994804119485352e-03
5.453999999999999915e+01,2.038017563776192143e-01
5.456000000000000227e+01,2.518148204405941115e-01
5.457999999999999829e+01,-1.186810274158653367e-01
5.460000000000000142e+01,2.280429668219721429e-01
5.461999999999999744e+01,2.506331513119597343e-01
5.464000000000000057e+01,1.667930853713575912e-01
5.466000000000000369e+01,-3.673534751231847389e-02
5.467999999999999972e+01,-8.430332205122367806e-02
5.470000000000000284e+01,2.828457907340156674e-01
5.471999999999999886e+01,2.919511128744178285e-01
5.474000000000000199e+01,1.865438923694002216e-01
5.475999999999999801e+01,1.295941296053604308e-01
5.478000000000000114e+01,3.461653880160053820e-01
5.480000000000000426e+01,1.656152322202372740e-01
5.482000000000000028e+01,3.802393363574989027e-01
5.484000000000000341e+01,8.740675604992232950e-01
5.485999999999999943e+01,6.652773882625433455e-01
5.488000000000000256e+01,8.737639791586772064e-01
5.489999999999999858e+01,7.888733104426406406e-01
5.492000000000000171e+01,1.760534902596987694e-01
5.493999999999999773e+01,2.008903291883287201e-01
5.496000000000000085e+01,6.532071292042136712e-02
5.498000000000000398e+01,8.212580531847145371e-02
5.500000000000000000e+01,1.225697595869907897e-01
5.502000000000000313e+01,7.776207515623889677e-02
5.503999999999999915e+01,1.594331249996376043e-01
5.506000000000000227e+01,-9.271400483351029120e-02
5.507999999999999829e+01,1.582308937197680343e-01
5.510000000000000142e+01,1.143857973401546241e-01
5.511999999999999744e+01,-1.636425088567326491e-01
5.514000000000000057e+01,1.343850270730065181e-02
5.516000000000000369e+01,-7.529419279693475020e-02
5.517999999999999972e+01,2.955508092372770290e-02
5.520000000000000284e+01,1.359797622301675279e-01
5.521999999999999886e+01,2.817290506292489116e-01
5.524000000000000199e+01,1.020522368704374211e-01
5.525999999999999801e+01,1.376393906855785110e-01
5.528000000000000114e+01,1.433757351139980721e-02
5.530000000000000426e+01,-1.111799703368919652e-03
5.532000000000000028e+01,4.690464583123479803e-02
5.534000000000000341e+01,-4.407238339001794125e-02
5.535999999999999943e+01,2.951533527063439355e-02
5.538000000000000256e+01,2.126915712680742532e-01
5.539999999999999858e+01,1.022605614427182508e-01
5.542000000000000171e+01,-1.090817627225137282e-01
5.543999999999999773e+01,2.089679227224830182e-01
5.546000000000000085e+01,4.473970812051387275e-02
5.548000000000000398e+01,2.156946501666906768e-01
5.550000000000000000e+01,9.967226557284801503e-02
5.552000000000000313e+01,1.558764148951037598e-01
5.553999999999999915e+01,1.285460638848287627e-03
5.556000000000000227e+01,7.165209144146378328e-02
5.557999999999999829e+01,2.642735101995771219e-01
5.560000000000000142e+01,9.489003010841146751e-03
5.561999999999999744e+01,7.082025096926974905e-02
5.564000000000000057e+01,-2.355450344723218278e-02
5.566000000000000369e+01,-2.394061847174595511e-02
5.567999999999999972e+01,2.963837074147832040e-02
5.570000000000000284e+01,2.364907241395855855e-02
5.571999999999999886e+01,3.544590936666117825e-02
5.574000000000000199e+01,1.528934095586664266e-01
5.575999999999999801e+01,2.214815917288822655e-01
5.578000000000000114e+01,4.917464772943179463e-02
5.580000000000000426e+01,1.133350027123452980e-01
5.582000000000000028e+01,6.889405455083720542e-02
5.584000000000000341e+01,-9.910190842511223952e-02
5.585999999999999943e+01,-2.814058608019392449e-01
5.588000000000000256e+01,1.870577983628702312e-01
5.589999999999999858e+01,1.535172462409788718e-01
5.592000000000000171e+01,8.896176760338728173e-02
5.593999999999999773e+01,2.929820431852991555e-02
5.596000000000000085e+01,4.287460145357106442e-03
5.598000000000000398e+01,6.035276477609495538e-02
5.600000000000000000e+01,1.970110172436239648e-01
5.602000000000000313e+01,1.445536507383291258e-01
5.603999999999999915e+01,1.971060051126820659e-02
5.606000000000000227e+01,1.442923175113962064e-01
5.607999999999999829e+01,2.598307052745242943e-02
5.610000000000000142e+01,3.439697661071325352e-01
5.611999999999999744e+01,-1.418575085437236670e-02
5.614000000000000057e+01,6.475847178750882005e-02
5.616000000000000369e+01,-2.980093356076627537e-02
5.617999999999999972e+01,-2.364980140515844653e-02
5.620000000000000284e+01,1.857656075533219500e-02
5.621999999999999886e+01,-4.429231537684037712e-02
5.624000000000000199e+01,1.466659537633300918e-02
5.625999999999999801e+01,6.624069875714454214e-02
5.628000000000000114e+01,9.062035066597382005e-02
5.630000000000000426e+01,2.035062732667288210e-01
5.632000000000000028e+01,3.789229529938706927e-03
5.634000000000000341e+01,1.648443213871832527e-02
5.635999999999999943e+01,2.408757137724039377e-02
5.638000000000000256e+01,7.638063923927353172e-02
5.639999999999999858e+01,-9.878569819677582298e-02
5.642000000000000171e+01,6.664498217692239879e-02
5.643999999999999773e+01,-7.856412292261701069e-02
5.646000000000000085e+01,6.689157978095772172e-02
5.648000000000000398e+01,2.120924561028892652e-01
5.650000000000000000e+01,4.256094182412630683e-02
5.652000000000000313e+01,-7.137808840319923021e-02
5.653999999999999915e+01,3.167690225861168052e-02
5.656000000000000227e+01,-3.069506430647019057e-02
5.657999999999999829e+01,4.460383507439050904e-02
5.660000000000000142e+01,2.053317145825521994e-01
5.661999999999999744e+01,6.943681429182992082e-02
5.664000000000000057e+01,2.655565474858336272e-01
5.666000000000000369e+01,-4.628632128909999227e-02
5.667999999999999972e+01,-8.194653261856668647e-02
5.670000000000000284e+01,1.379355225570029209e-01
5.671999999999999886e+01,-6.169771776500961036e-02
5.674000000000000199e+01,2.315535043296930717e-01
5.675999999999999801e+01,2.086495375998076718e-01
5.678000000000000114e+01,3.348146014979094254e-01
5.680000000000000426e+01,2.703171484124416435e-01
5.682000000000000028e+01,3.069404759847272901e-01
5.684000000000000341e+01,6.082019042226233935e-02
5.685999999999999943e+01,1.063314467957605508e-01
5.688000000000000256e+01,1.277230496531290005e-01
5.689999999999999858e+01,-9.551757794063946150e-02
5.692000000000000171e+01,9.292279619910903676e-02
5.693999999999999773e+01,1.901854669111244511e-01
5.696000000000000085e+01,1.403368240569027592e-01
5.698000000000000398e+01,1.074994298605305154e-01
5.700000000000000000e+01,1.829113906939206224e-01
5.702000000000000313e+01,5.386042160088762992e-02
5.703999999999999915e+01,1.461034142698900695e-01
5.706000000000000227e+01,2.473444831944326405e-01
5.707999999999999829e+01,3.557572566897924948e-02
5.710000000000000142e+01,5.844301464054124651e-02
5.711999999999999744e+01,8.073305874468110488e-02
5.714000000000000057e+01,4.313752195985885024e-02
5.716000000000000369e+01,2.574822521979923118e-01
5.717999999999999972e+01,1.425000554698289783e-02
5.720000000000000284e+01,-5.332793609282923675e-02
5.721999999999999886e+01,1.034127972220324626e-01
5.724000000000000199e+01,1.455940059493582850e-01
5.725999999999999801e+01,8.473510126014109634e-02
5.728000000000000114e+01,5.636236182668423120e-03
5.730000000000000426e+01,5.400061959469622946e-02
5.732000000000000028e+01,-8.422346535848278248e-02
5.734000000000000341e+01,1.334212301259540823e-01
5.735999999999999943e+01,2.304381760198449466e-02
5.738000000000000256e+01,4.850486384010251756e-02
5.739999999999999858e+01,2.257614385396951306e-02
5.742000000000000171e+01,1.703276261868080094e-02
5.743999999999999773e+01,4.117482777937464533e-02
5.746000000000000085e+01,-3.204081417998243253e-02
5.748000000000000398e+01,6.129771690618887603e-02
5.750000000000000000e+01,2.642722724423167760e-02
5.752000000000000313e+01,5.830688639560627912e-02
5.753999999999999915e+01,-1.697781055490046181e-02
5.756000000000000227e+01,8.699782478031325983e-03
5.757999999999999829e+01,-5.908496089421802488e-02
5.760000000000000142e+01,8.418088040280213846e-02
5.761999999999999744e+01,6.282713454436646139e-02
5.764000000000000057e+01,1.329011821163996188e-01
5.766000000000000369e+01,-5.811243409007488259e-02
5.767999999999999972e+01,1.532663936483344980e-01
5.770000000000000284e+01,1.193289674231709507e-01
5.771999999999999886e+01,5.498124273785416627e-02
5.774000000000000199e+01,1.197626647062130095e-01
5.775999999999999801e+01,4.935968516600236500e-02
5.778000000000000114e+01,-2.260607973117411719e-03
5.780000000000000426e+01,2.667127766100748643e-01
5.782000000000000028e+01,1.412255962905487605e-01
5.784000000000000341e+01,1.814694486996269382e-02
5.785999999999999943e+01,-4.283556664900857458e-03
5.788000000000000256e+01,-3.568980389335719983e-02
5.789999999999999858e+01,6.849846357691700971e-02
5.792000000000000171e+01,2.327740445832822969e-01
5.793999999999999773e+01,-1.128410526023340140e-04
5.796000000000000085e+01,1.103717126271562127e-01
5.798000000000000398e+01,4.231301404925495030e-02
5.800000000000000000e+01,1.444568454362403220e-01
5.802000000000000313e+01,2.000376623800173281e-01
5.803999999999999915e+01,2.870385009280883998e-02
5.806000000000000227e+01,1.874714595948362150e-01
5.807999999999999829e+01,3.240184875238944495e-01
5.810000000000000142e+01,9.248528103806177847e-02
5.812000000000000455e+01,1.596112129618781628e-01
5.814000000000000057e+01,8.510249298540985274e-02
5.816000000000000369e+01,5.431621565848853556e-02
5.817999999999999972e+01,1.552616705726767021e-01
5.820000000000000284e+01,3.783575994999238690e-01
5.821999999999999886e+01,2.733492680489452153e-01
5.824000000000000199e+01,2.078980476463355431e-01
5.825999999999999801e+01,2.709789568943912208e-01
5.828000000000000114e+01,2.348496930459407772e-01
5.830000000000000426e+01,2.724906406575378082e-01
5.832000000000000028e+01,3.172026112365623485e-01
5.834000000000000341e+01,5.631708609320584813e-01
5.835999999999999943e+01,4.971197693834620845e-01
5.838000000000000256e+01,4.420132704506102295e-01
5.839999999999999858e+01,3.621510028286178406e-01
5.842000000000000171e+01,7.157854142121750085e-01
5.843999999999999773e+01,7.641632302659768783e-01
5.846000000000000085e+01,4.889753211989803505e-01
5.848000000000000398e+01,6.549692939219013965e-01
5.850000000000000000e+01,8.064363088886299380e-01
5.852000000000000313e+01,1.401577225344734501e+00
5.853999999999999915e+01,1.985526526092141752e+00
5.856000000000000227e+01,3.200402333063480320e+00
5.857999999999999829e+01,5.587819868523006051e+00
5.860000000000000142e+01,1.083488181710406906e+01
5.862000000000000455e+01,1.694641615625993225e+01
5.864000000000000057e+01,2.022791131070526305e+01
5.866000000000000369e+01,1.435654559653032614e+01
5.867999999999999972e+01,8.619607463215547938e+00
5.870000000000000284e+01,4.258777216793258269e+00
5.871999999999999886e+01,1.957068232522295226e+00
5.874000000000000199e+01,1.353138386530634785e+00
5.875999999999999801e+01,8.555033747025603263e-01
5.878000000000000114e+01,7.758954971635357856e-01
5.880000000000000426e+01,7.668214172884041391e-01
5.882000000000000028e+01,3.238497771396458003e-01
5.884000000000000341e+01,4.162891979243684704e-01
5.885999999999999943e+01,4.060385133488772502e-01
5.888000000000000256e+01,3.626573383480714563e-01
5.889999999999999858e+01,3.618814800705592027e-01
5.892000000000000171e+01,1.001385025130051010e-01
5.893999999999999773e+01,3.858966795351667645e-01
5.896000000000000085e+01,3.443897150384010453e-01
5.898000000000000398e+01,4.528952593256279080e-01
5.900000000000000000e+01,1.618412152857910680e-01
5.902000000000000313e+01,7.241875636835545804e-02
5.903999999999999915e+01,2.782321816582632446e-01
5.906000000000000227e+01,1.933029597171106451e-01
5.907999999999999829e+01,1.666263487797142728e-01
5.910000000000000142e+01,2.868187442772752171e-01
5.912000000000000455e+01,2.221136415248710638e-01
5.914000000000000057e+01,-5.977520895701456116e-02
5.916000000000000369e+01,1.889947037019163584e-02
5.917999999999999972e+01,1.506637504925255333e-01
5.920000000000000284e+01,1.450151098877735523e-01
5.921999999999999886e+01,1.031605488473574250e-01
5.924000000000000199e+01,-1.733720692491548185e-02
5.925999999999999801e+01,2.321394319604874745e-01
5.928000000000000114e+01,4.918252212056635486e-02
5.930000000000000426e+01,2.966748065805177581e-01
5.932000000000000028e+01,4.097494248044182275e-01
5.934000000000000341e+01,4.450094554343601572e-01
5.935999999999999943e+01,2.865822399823843014e-01
5.938000000000000256e+01,2.158196992717032470e-01
5.939999999999999858e+01,2.047890138341393051e-01
5.942000000000000171e+01,1.036682347079083272e-01
5.943999999999999773e+01,-2.093558905357555122e-02
5.946000000000000085e+01,1.506884107169937093e-01
5.948000000000000398e+01,1.036759045403887886e-01
5.950000000000000000e+01,2.409326049896794997e-01
5.952000000000000313e+01,1.142983963175404905e-01
5.953999999999999915e+01,1.597005769295135325e-01
5.956000000000000227e+01,3.083452459413241753e-01
5.957999999999999829e+01,1.559652692253594153e-01
5.960000000000000142e+01,2.057984551597160094e-01
5.962000000000000455e+01,8.603960278254925431e-02
5.964000000000000057e+01,2.660201856197621506e-01
5.966000000000000369e+01,1.596100275232497090e-01
5.967999999999999972e+01,2.552797429402485774e-01
5.970000000000000284e+01,3.744517051449439693e-01
5.971999999999999886e+01,1.595317130217400736e-01
5.974000000000000199e+01,5.223004197345804123e-01
5.975999999999999801e+01,4.759112247836498333e-01
5.978000000000000114e+01,3.045532922009023813e-01
5.980000000000000426e+01,7.261109075126018775e-01
5.982000000000000028e+01,1.042371615450483402e+00
5.984000000000000341e+01,1.796390402465738667e+00
5.985999999999999943e+01,1.336753013542628654e+00
5.988000000000000256e+01,1.371730982207790106e+00
5.989999999999999858e+01,1.582932061808160151e+00
5.992000000000000171e+01,1.312462878686181389e+00
5.993999999999999773e+01,1.127200051751911847e+00
5.996000000000000085e+01,1.168967822815857982e+00
5.998000000000000398e+01,1.134673859091528181e+00
6.000000000000000000e+01,9.955127476268251785e-01
6.002000000000000313e+01,8.086577457660014678e-01
6.003999999999999915e+01,4.322464093894625159e-01
6.006000000000000227e+01,3.131852881934994448e-01
6.007999999999999829e+01,2.613317623748389051e-01
6.010000000000000142e+01,8.840962228476914597e-02
6.012000000000000455e+01,8.904121738804243735e-02
6.014000000000000057e+01,2.453859032671922014e-01
6.016000000000000369e+01,1.212558281791190073e-01
6.017999999999999972e+01,3.417186929408109752e-01
6.020000000000000284e+01,2.429083489122556561e-01
6.021999999999999886e+01,3.287069320922014204e-01
6.024000000000000199e+01,2.276525671013298890e-01
6.025999999999999801e+01,2.169614669526381268e-01
6.028000000000000114e+01,3.259492742362382622e-02
6.030000000000000426e+01,6.004575147122607343e-02
6.032000000000000028e+01,1.049275497311209226e-01
6.034000000000000341e+01,3.013964820001427958e-01
6.035999999999999943e+01,3.242926749817353071e-01
6.038000000000000256e+01,3.634170327766707564e-01
6.039999999999999858e+01,2.139910330005653227e-01
6.042000000000000171e+01,4.564985713129121603e-01
6.043999999999999773e+01,4.020071530167050322e-01
6.046000000000000085e+01,5.742131423744761820e-01
6.048000000000000398e+01,1.106701412594736089e+00
6.050000000000000000e+01,2.076451214748909813e+00
6.052000000000000313e+01,2.501761643173331606e+00
6.053999999999999915e+01,1.901816239678250531e+00
6.056000000000000227e+01,1.244781313240119536e+00
6.057999999999999829e+01,6.768324184988548931e-01
6.060000000000000142e+01,5.297699491032181740e-01
6.062000000000000455e+01,1.125095218327235441e-01
6.064000000000000057e+01,5.228636988020668452e-01
6.066000000000000369e+01,1.161866998198483603e-01
6.067999999999999972e+01,2.350826819778846777e-01
6.070000000000000284e+01,1.763391961403497632e-01
6.071999999999999886e+01,1.406027207089141084e-01
6.074000000000000199e+01,1.930400684570054703e-01
6.075999999999999801e+01,3.324916822346848377e-01
6.078000000000000114e+01,-2.334488625546868659e-02
6.080000000000000426e+01,1.723060213691987308e-01
6.082000000000000028e+01,-6.471771784142559339e-03
6.084000000000000341e+01,9.253233186694106993e-02
6.085999999999999943e+01,-1.108360943424607781e-01
6.088000000000000256e+01,1.960848446774674514e-01
6.089999999999999858e+01,1.202658605618067145e-01
6.092000000000000171e+01,6.575190580858823741e-02
6.093999999999999773e+01,-2.034175792523131715e-02
6.096000000000000085e+01,1.659926845455978947e-02
6.098000000000000398e+01,-1.700753916635512966e-02
6.100000000000000000e+01,-4.130570817380289916e-02
6.102000000000000313e+01,7.265739420525402226e-02
6.103999999999999915e+01,3.689823893547228284e-02
6.106000000000000227e+01,2.191161386797948474e-01
6.107999999999999829e+01,2.310838087619215553e-01
6.110000000000000142e+01,4.069694750804266070e-02
6.112000000000000455e+01,1.589556088192365935e-01
6.114000000000000057e+01,7.022777273113653407e-02
6.116000000000000369e+01,3.219870144145529078e-01
6.117999999999999972e+01,-4.893063426017256468e-02
6.120000000000000284e+01,6.225109190537567866e-02
6.121999999999999886e+01,2.982607155101724139e-01
6.124000000000000199e+01,1.975301716551250142e-01
6.125999999999999801e+01,2.110035090712825412e-01
6.128000000000000114e+01,3.461596940218744645e-01
6.130000000000000426e+01,2.945263667865458124e-01
6.132000000000000028e+01,3.081346811427915222e-01
6.134000000000000341e+01,1.793552166300844963e-01
6.135999999999999943e+01,2.815756917472161946e-01
6.138000000000000256e+01,8.686098889830831671e-02
6.139999999999999858e+01,2.099717220181597788e-01
6.142000000000000171e+01,2.828219092214843688e-01
6.143999999999999773e+01,3.442490088080575883e-01
6.146000000000000085e+01,5.829954558410634924e-01
6.148000000000000398e+01,8.309402997874958396e-01
6.150000000000000000e+01,1.185982193005566288e+00
6.152000000000000313e+01,1.802270418459918089e+00
6.153999999999999915e+01,3.141070416319548197e+00
6.156000000000000227e+01,6.102975171496750839e+00
6.157999999999999829e+01,8.830439366878737317e+00
6.160000000000000142e+01,8.178271417913574481e+00
6.162000000000000455e+01,6.007238852082032565e+00
6.164000000000000057e+01,2.897679118163224654e+00
6.166000000000000369e+01,1.548787603114893052e+00
6.167999999999999972e+01,8.360245744429969372e-01
6.170000000000000284e+01,5.406471424013061799e-01
6.171999999999999886e+01,9.103617895174668240e-01
6.174000000000000199e+01,7.679162031054792559e-01
6.175999999999999801e+01,5.622775416918244229e-01
6.178000000000000114e+01,7.773985368646276761e-01
6.180000000000000426e+01,7.464416743387743969e-01
6.182000000000000028e+01,7.858282835822174572e-01
6.184000000000000341e+01,6.490659948075814256e-01
6.185999999999999943e+01,4.823856369119400300e-01
6.188000000000000256e+01,3.680194354992745165e-01
6.189999999999999858e+01,1.032149941006056948e-01
6.192000000000000171e+01,2.938139342395002518e-01
6.193999999999999773e+01,2.271462974763508724e-01
6.196000000000000085e+01,1.262665412965597034e-01
6.198000000000000398e+01,2.815226353970621820e-01
6.200000000000000000e+01,4.576519818505946080e-02
6.202000000000000313e+01,1.350742078919319189e-01
6.203999999999999915e+01,1.697245318277203763e-01
6.206000000000000227e+01,2.918737685260709425e-01
6.207999999999999829e+01,3.116827469983982635e-01
6.210000000000000142e+01,1.394938140892640066e-01
6.212000000000000455e+01,2.922250787574638409e-01
6.214000000000000057e+01,3.287266706475709677e-02
6.216000000000000369e+01,5.760495746846504561e-01
6.217999999999999972e+01,5.047981511902792651e-01
6.220000000000000284e+01,7.094509113075329054e-01
6.221999999999999886e+01,6.175983343075606147e-01
6.224000000000000199e+01,1.258501474550759003e+00
6.225999999999999801e+01,6.395619046825085086e-01
6.228000000000000114e+01,7.820471875425939468e-01
6.230000000000000426e+01,4.479588470223319074e-01
6.232000000000000028e+01,5.445695341084676455e-01
6.234000000000000341e+01,4.299261585272033392e-01
6.235999999999999943e+01,3.756013818581349639e-01
6.238000000000000256e+01,6.299005149469358855e-01
6.239999999999999858e+01,3.375008593548662894e-01
6.242000000000000171e+01,4.476862553652179444e-01
6.243999999999999773e+01,4.062315483714695197e-01
6.246000000000000085e+01,5.575883339467070376e-01
6.248000000000000398e+01,7.276875562239956130e-01
6.250000000000000000e+01,7.221685965515003414e-01
6.252000000000000313e+01,9.040514337229781372e-01
6.253999999999999915e+01,1.089856633256487850e+00
6.256000000000000227e+01,1.796724791615240235e+00
6.257999999999999829e+01,2.218757220490046755e+00
6.260000000000000142e+01,3.662680040232184187e+00
6.262000000000000455e+01,6.578473357239200681e+00
6.264000000000000057e+01,7.998858579268219415e+00
6.266000000000000369e+01,1.025492425988962886e+01
6.267999999999999972e+01,8.774076530089734760e+00
6.270000000000000284e+01,9.540202146681179940e+00
6.271999999999999886e+01,1.313977405729278658e+01
6.274000000000000199e+01,1.913483260656089158e+01
6.275999999999999801e+01,2.366997059985469321e+01
6.278000000000000114e+01,1.902472462321192737e+01
6.280000000000000426e+01,1.111818848099219714e+01
6.282000000000000028e+01,6.628323389841186852e+00
6.284000000000000341e+01,3.685584992970541318e+00
6.285999999999999943e+01,2.465836783020861400e+00
6.288000000000000256e+01,1.426638324140961256e+00
6.289999999999999858e+01,1.137276009818910971e+00
6.292000000000000171e+01,6.772494702052043181e-01
6.293999999999999773e+01,6.463294197080787784e-01
6.296000000000000085e+01,9.066277020077661009e-01
6.298000000000000398e+01,7.602619613562887624e-01
6.300000000000000000e+01,3.925438963156380190e-01
6.302000000000000313e+01,3.567344123665401323e-01
6.303999999999999915e+01,5.246339508204295177e-01
6.306000000000000227e+01,1.057580638925140204e-01
6.307999999999999829e+01,2.621733664746936920e-01
6.310000000000000142e+01,1.332364005114526906e-01
6.312000000000000455e+01,2.218984516271742535e-01
6.314000000000000057e+01,2.534361953954905045e-01
6.316000000000000369e+01,1.913141933997107302e-01
6.317999999999999972e+01,2.425311707457198096e-01
6.320000000000000284e+01,2.397527501922538384e-01
6.321999999999999886e+01,3.172801047519498430e-01
6.324000000000000199e+01,1.074533483494927444e-01
6.325999999999999801e+01,1.223229199601063716e-01
6.328000000000000114e+01,9.350971150240085239e-02
6.330000000000000426e+01,1.610840514544994995e-01
6.332000000000000028e+01,1.511667050878880703e-01
6.334000000000000341e+01,2.462956364988919677e-01
6.335999999999999943e+01,1.491344789385296299e-01
6.338000000000000256e+01,5.604032880486201074e-02
6.339999999999999858e+01,1.551935995648703048e-01
6.342000000000000171e+01,1.409176525435580918e-01
6.343999999999999773e+01,1.833183369714786459e-01
6.346000000000000085e+01,4.412484946519368290e-01
6.348000000000000398e+01,3.156046684384223311e-01
6.350000000000000000e+01,1.824171576777216253e-01
6.352000000000000313e+01,1.268489464733873473e-01
6.353999999999999915e+01,1.991106974462497903e-01
6.356000000000000227e+01,2.766599197078631889e-01
6.357999999999999829e+01,2.732833613778967718e-01
6.360000000000000142e+01,3.224279183178240804e-01
6.362000000000000455e+01,4.972078456051216566e-01
6.364000000000000057e+01,7.569199349664091914e-01
6.366000000000000369e+01,1.100395141827049006e+00
6.367999999999999972e+01,2.606426902690644809e+00
6.370000000000000284e+01,3.505133894781214288e+00
6.371999999999999886e+01,6.240945899723796764e+00
6.374000000000000199e+01,7.921179814437310007e+00
6.375999999999999801e+01,6.492486269616786210e+00
6.378000000000000114e+01,4.447818575811892217e+00
6.380000000000000426e+01,2.521566660412102756e+00
6.382000000000000028e+01,1.123564413664913664e+00
6.384000000000000341e+01,7.227905668796597016e-01
6.385999999999999943e+01,5.263880380681530413e-01
6.388000000000000256e+01,3.446525819897153231e-01
6.389999999999999858e+01,3.415784156713596587e-01
6.392000000000000171e+01,2.793040259646838996e-01
6.393999999999999773e+01,4.464185230122375003e-01
6.396000000000000085e+01,3.142999747257241849e-01
6.398000000000000398e+01,1.757691147364463802e-01
6.400000000000000000e+01,2.746149416664458998e-01
6.402000000000001023e+01,9.261170285661135537e-02
6.403999999999999204e+01,2.509426263784738514e-02
6.406000000000000227e+01,1.629830498477125578e-01
6.407999999999999829e+01,-6.096334219981091457e-02
6.409999999999999432e+01,1.232694490790894187e-01
6.412000000000000455e+01,2.060532441160284056e-01
6.414000000000000057e+01,3.406417653141955992e-01
6.415999999999999659e+01,1.989275011681854999e-01
6.418000000000000682e+01,1.444273142278667543e-01
6.420000000000000284e+01,-1.055798748985030677e-01
6.421999999999999886e+01,2.580756520012158495e-01
6.424000000000000909e+01,2.823569748027184630e-03
6.425999999999999091e+01,2.445302537046425018e-03
6.428000000000000114e+01,1.244935743965316782e-01
6.430000000000001137e+01,3.167503385401747029e-01
6.431999999999999318e+01,3.939822640732752457e-01
6.434000000000000341e+01,2.176383613427540220e-01
6.435999999999999943e+01,2.645873125933678183e-01
6.437999999999999545e+01,1.614677960510845500e-01
6.440000000000000568e+01,1.993498667854921858e-01
6.442000000000000171e+01,1.358765610224964282e-01
6.443999999999999773e+01,2.868961791702653863e-01
6.446000000000000796e+01,1.845847223944516724e-01
6.448000000000000398e+01,2.186178103971364861e-01
6.450000000000000000e+01,1.569386921458931217e-01
6.452000000000001023e+01,2.822546392814591076e-01
6.453999999999999204e+01,1.462610443042826058e-01
6.456000000000000227e+01,4.608769884586786936e-01
6.457999999999999829e+01,5.618206043695526120e-01
6.459999999999999432e+01,6.540154825469423061e-01
6.462000000000000455e+01,7.343625051627220568e-01
6.464000000000000057e+01,9.277503374257820568e-01
6.465999999999999659e+01,1.924363041435381616e+00
6.468000000000000682e+01,3.296436390880620682e+00
6.470000000000000284e+01,6.963098942851149609e+00
6.471999999999999886e+01,1.012505257247732615e+01
6.474000000000000909e+01,1.073452606896247374e+01
6.475999999999999091e+01,8.214173124200097931e+00
6.478000000000000114e+01,4.587128102362337145e+00
6.480000000000001137e+01,2.433875157874158202e+00
6.481999999999999318e+01,1.755752254481145247e+00
6.484000000000000341e+01,8.252774195290520920e-01
6.485999999999999943e+01,7.851445574588771237e-01
6.487999999999999545e+01,2.222480968977030846e-01
6.490000000000000568e+01,5.435549123443008668e-01
6.492000000000000171e+01,4.387065355802803879e-01
6.493999999999999773e+01,2.610070864204088736e-01
6.496000000000000796e+01,1.254016524493581641e-01
6.498000000000000398e+01,1.740043767850316114e-01
6.500000000000000000e+01,1.502143720314736419e-01
6.502000000000001023e+01,2.700170092593399684e-01
6.503999999999999204e+01,2.824577569156366125e-02
6.506000000000000227e+01,-2.340135165125300371e-02
6.507999999999999829e+01,4.036287470609003537e-03
6.509999999999999432e+01,3.265061521126850774e-01
6.512000000000000455e+01,6.508150394841902275e-02
6.514000000000000057e+01,2.643829474544441283e-01
6.515999999999999659e+01,1.265080004212667530e-01
6.518000000000000682e+01,1.327882344235943868e-01
6.520000000000000284e+01,9.150956249458365444e-02
6.521999999999999886e+01,1.243580023144293945e-01
6.524000000000000909e+01,2.537461315535654016e-01
6.525999999999999091e+01,3.481606056640362268e-01
6.528000000000000114e+01,1.453214596924003177e-01
6.530000000000001137e+01,2.012598615892646214e-01
6.531999999999999318e+01,8.226822074203497814e-02
6.534000000000000341e+01,2.519142149938501385e-01
6.535999999999999943e+01,1.182442316129599241e-01
6.537999999999999545e+01,2.279424967456266105e-01
6.540000000000000568e+01,2.095109739389915959e-01
6.542000000000000171e+01,1.778138813554130948e-01
6.543999999999999773e+01,2.548108497053626076e-01
6.546000000000000796e+01,1.853915244407856600e-01
6.548000000000000398e+01,9.418972391116579856e-02
6.550000000000000000e+01,1.403587266680793866e-01
6.552000000000001023e+01,2.749616801316377979e-01
6.553999999999999204e+01,5.358609785589082408e-01
6.556000000000000227e+01,6.020208939532579739e-01
6.557999999999999829e+01,1.255486539626897935e+00
6.559999999999999432e+01,1.922681800695158039e+00
6.562000000000000455e+01,4.229805845101922479e+00
6.564000000000000057e+01,6.376880589133627986e+00
6.565999999999999659e+01,8.408596479212357977e+00
6.568000000000000682e+01,8.336812805558144746e+00
6.570000000000000284e+01,6.134243052682793795e+00
6.571999999999999886e+01,2.862224554134352061e+00
6.574000000000000909e+01,1.522337304958329085e+00
6.575999999999999091e+01,9.613057577619105176e-01
6.578000000000000114e+01,8.812328014214575456e-01
6.580000000000001137e+01,6.864200465158004638e-01
6.581999999999999318e+01,3.934675130389779785e-01
6.584000000000000341e+01,2.454109113567935763e-01
6.585999999999999943e+01,2.785653881021248335e-01
6.587999999999999545e+01,6.929707318190751753e-02
6.590000000000000568e+01,1.406791081905723328e-01
6.592000000000000171e+01,3.654727208029413532e-01
6.593999999999999773e+01,1.551302344828717761e-01
6.596000000000000796e+01,1.925175237588499233e-01
6.598000000000000398e+01,2.969264330792574236e-01
6.600000000000000000e+01,4.692841462573055789e-01
6.602000000000001023e+01,1.552134405510899318e-01
6.603999999999999204e+01,1.832718244275289843e-01
6.606000000000000227e+01,5.836678478401116088e-01
6.607999999999999829e+01,6.103517603971900796e-01
6.609999999999999432e+01,1.050172728322096960e+00
6.612000000000000455e+01,1.063486665052863822e+00
6.614000000000000057e+01,1.061393787698856617e+00
6.615999999999999659e+01,8.952224273135291899e-01
6.618000000000000682e+01,7.759775167532487750e-01
6.620000000000000284e+01,9.735488543091354030e-01
6.621999999999999886e+01,1.126636616116893475e+00
6.624000000000000909e+01,1.419005789024705866e+00
6.625999999999999091e+01,9.221400832822052029e-01
6.628000000000000114e+01,5.051202460208834566e-01
6.630000000000001137e+01,3.982262596205542460e-01
6.631999999999999318e+01,1.484278919531305252e-01
6.634000000000000341e+01,2.280258690749157047e-01
6.635999999999999943e+01,2.667507957027633880e-01
6.637999999999999545e+01,2.217885025764981810e-01
6.640000000000000568e+01,2.845131275019795458e-01
6.642000000000000171e+01,2.377000106675054014e-01
6.643999999999999773e+01,3.243182656072139958e-01
6.646000000000000796e+01,-1.806183116611054934e-02
6.648000000000000398e+01,2.100270063810946441e-01
6.650000000000000000e+01,1.347276737559973403e-01
6.652000000000001023e+01,1.910446409211822849e-01
6.653999999999999204e+01,1.496698278223027589e-01
6.656000000000000227e+01,-4.907357564295251190e-02
6.657999999999999829e+01,1.293348111216589269e-01
6.659999999999999432e+01,2.470634152024392960e-01
6.662000000000000455e+01,-1.348541018404304619e-02
6.664000000000000057e+01,2.246419381022218831e-01
6.665999999999999659e+01,2.109432582801351944e-02
6.668000000000000682e+01,1.196350632726770336e-01
6.670000000000000284e+01,2.969709984899245314e-01
6.671999999999999886e+01,4.609057804559441723e-02
6.674000000000000909e+01,-1.341348999711651849e-02
6.675999999999999091e+01,1.294889272800150981e-01
6.678000000000000114e+01,9.250409433279437044e-02
6.680000000000001137e+01,1.725835717444814121e-01
6.681999999999999318e+01,1.100437367830728597e-01
6.684000000000000341e+01,1.112694273258979100e-01
6.685999999999999943e+01,-9.015725934056731394e-02
6.687999999999999545e+01,2.768361670534079111e-01
6.690000000000000568e+01,2.983431197643816035e-01
6.692000000000000171e+01,3.455173404076990890e-02
6.693999999999999773e+01,1.050051879943347949e-01
6.696000000000000796e+01,3.479233344245548365e-02
6.698000000000000398e+01,3.723656836250492930e-01
6.700000000000000000e+01,1.851719706942722699e-02
6.702000000000001023e+01,1.300939025564208096e-01
6.703999999999999204e+01,1.401588953797194004e-01
6.706000000000000227e+01,3.067556800136284623e-01
6.707999999999999829e+01,1.858462600853763302e-01
6.709999999999999432e+01,3.928361306781633089e-01
6.712000000000000455e+01,4.632265560257851633e-01
6.714000000000000057e+01,5.646177594046458692e-01
6.715999999999999659e+01,5.039824836781543471e-01
6.718000000000000682e+01,2.883960961761478092e-01
6.720000000000000284e+01,3.993382871635414166e-01
6.721999999999999886e+01,5.713557292940305565e-01
6.724000000000000909e+01,4.115931253447850380e-01
6.725999999999999091e+01,4.326390211904674876e-01
6.728000000000000114e+01,4.122470409114254442e-01
6.730000000000001137e+01,1.816500012480836146e-01
6.731999999999999318e+01,3.938221572581164232e-01
6.734000000000000341e+01,9.791757721313021356e-02
6.735999999999999943e+01,2.090157650769376707e-01
6.737999999999999545e+01,1.626681756499745446e-01
6.740000000000000568e+01,4.167735167602286128e-01
6.742000000000000171e+01,2.078541751360572093e-02
6.743999999999999773e+01,1.510293284871364605e-01
6.746000000000000796e+01,2.192647464884854291e-01
6.748000000000000398e+01,1.076911993589409200e-01
6.750000000000000000e+01,2.405204534479408462e-01
6.752000000000001023e+01,1.130251476666230227e-03
6.753999999999999204e+01,-1.908083865705246726e-02
6.756000000000000227e+01,2.554362359978973318e-01
6.757999999999999829e+01,-1.658593978556988369e-01
6.759999999999999432e+01,6.795856056882715324e-02
6.762000000000000455e+01,2.647828230057232002e-01
6.764000000000000057e+01,2.399793953924047318e-01
6.765999999999999659e+01,9.107254352467310243e-02
6.768000000000000682e+01,1.806582782061216114e-02
6.770000000000000284e+01,2.242697566367532758e-01
6.771999999999999886e+01,1.485297707302388193e-01
6.774000000000000909e+01,4.316560385803807631e-01
6.775999999999999091e+01,7.675187296452125052e-01
6.778000000000000114e+01,7.269677395702430767e-01
6.780000000000001137e+01,1.309446509316238183e+00
6.781999999999999318e+01,2.373620381592550288e+00
6.784000000000000341e+01,1.990462721838047511e+00
6.785999999999999943e+01,1.781692317368371192e+00
6.787999999999999545e+01,8.781426190003367438e-01
6.790000000000000568e+01,6.458961157236491335e-01
6.792000000000000171e+01,6.069319493226150719e-01
6.793999999999999773e+01,1.453203676423077795e+00
6.796000000000000796e+01,1.646141190630783013e+00
6.798000000000000398e+01,1.930358418603483450e+00
6.800000000000000000e+01,1.778735018610997809e+00
6.802000000000001023e+01,1.202708987321501999e+00
6.803999999999999204e+01,8.651557706798296277e-01
6.806000000000000227e+01,6.846962742308769778e-01
6.807999999999999829e+01,2.598952473209735770e-01
6.809999999999999432e+01,3.294074301681081396e-01
6.812000000000000455e+01,3.827133280387335357e-01
6.814000000000000057e+01,4.456736894971462526e-01
6.815999999999999659e+01,5.729714840816662047e-01
6.818000000000000682e+01,5.598472942293448718e-01
6.820000000000000284e+01,6.037448753075703722e-01
6.821999999999999886e+01,2.892580076680459356e-01
6.824000000000000909e+01,7.601322749370807985e-01
6.825999999999999091e+01,5.177724086584448715e-01
6.828000000000000114e+01,5.331482115920840315e-01
6.830000000000001137e+01,5.015992090608860643e-01
6.831999999999999318e+01,6.954903319642763426e-02
6.834000000000000341e+01,2.763545541653147919e-01
6.835999999999999943e+01,1.035283709629520044e-01
6.837999999999999545e+01,1.763271141671699793e-01
6.840000000000000568e+01,1.799343041655446784e-01
6.842000000000000171e+01,3.156730837852703697e-01
6.843999999999999773e+01,1.965033607464564125e-01
6.846000000000000796e+01,2.730568110466769643e-02
6.848000000000000398e+01,5.458645214725989930e-02
6.850000000000000000e+01,3.028438089302649128e-01
6.852000000000001023e+01,3.044067918025726849e-01
6.853999999999999204e+01,3.538391579667102826e-01
6.856000000000000227e+01,1.836206613169575896e-01
6.857999999999999829e+01,1.800368821158387089e-01
6.859999999999999432e+01,5.457814374968245064e-01
6.862000000000000455e+01,4.606440973592186849e-01
6.864000000000000057e+01,4.497083013119015371e-01
6.865999999999999659e+01,5.929145887130123915e-01
6.868000000000000682e+01,4.841578262828044044e-01
6.870000000000000284e+01,7.951866898543833440e-01
6.871999999999999886e+01,1.374007984462738863e+00
6.874000000000000909e+01,2.337507378940488323e+00
6.875999999999999091e+01,4.684898690524549991e+00
6.878000000000000114e+01,7.221686589455639016e+00
6.880000000000001137e+01,1.159541412762416712e+01
6.881999999999999318e+01,1.120497171546339743e+01
6.884000000000000341e+01,8.244315427748013292e+00
6.885999999999999943e+01,5.032106162868150712e+00
6.887999999999999545e+01,2.516846432946401979e+00
6.890000000000000568e+01,1.391192013932372129e+00
6.892000000000000171e+01,1.076464054664526104e+00
6.893999999999999773e+01,5.325450680365511058e-01
6.896000000000000796e+01,8.788578621322696849e-01
6.898000000000000398e+01,6.177519328814627952e-01
6.900000000000000000e+01,4.578967354419261060e-01
6.902000000000001023e+01,4.795338888869423721e-01
6.903999999999999204e+01,3.575793933713445893e-01
6.906000000000000227e+01,2.985224834769425462e-01
6.907999999999999829e+01,6.340037067463200060e-01
6.909999999999999432e+01,2.688929861127458687e-01
6.912000000000000455e+01,3.901269151737516427e-01
6.914000000000000057e+01,3.683368254590523028e-02
6.915999999999999659e+01,8.021720422851566501e-02
6.918000000000000682e+01,1.361034596765959559e-01
6.920000000000000284e+01,3.828372642242738617e-03
6.921999999999999886e+01,2.327561822660179636e-01
6.924000000000000909e+01,7.369173248103431939e-02
6.925999999999999091e+01,4.122665894250055474e-01
6.928000000000000114e+01,3.071382017314688156e-02
6.930000000000001137e+01,1.951009298522842494e-01
6.931999999999999318e+01,2.454135683058326911e-01
6.934000000000000341e+01,1.074801632474198937e-01
6.935999999999999943e+01,2.415177660794870229e-01
6.937999999999999545e+01,2.125790576967143131e-01
6.940000000000000568e+01,4.120376294816324725e-02
6.942000000000000171e+01,3.495307851084575868e-01
6.943999999999999773e+01,2.575071714233490017e-01
6.946000000000000796e+01,3.146295340284474551e-01
6.948000000000000398e+01,-2.954220585676895980e-02
6.950000000000000000e+01,2.424890440484726573e-01
6.952000000000001023e+01,2.162496776927265996e-01
6.953999999999999204e+01,2.662945749696795650e-01
6.956000000000000227e+01,1.224221871363137398e-01
6.957999999999999829e+01,2.375347731055062195e-01
6.959999999999999432e+01,1.204849534281648704e-01
6.962000000000000455e+01,8.424348753911828358e-02
6.964000000000000057e+01,5.806086249573567254e-02
6.965999999999999659e+01,1.313946421077800408e-01
6.968000000000000682e+01,2.400537380099358464e-01
6.970000000000000284e+01,2.039555644686275870e-01
6.971999999999999886e+01,4.638921655620005247e-01
6.974000000000000909e+01,7.368341299853602422e-01
6.975999999999999091e+01,1.231428931669648730e+00
6.978000000000000114e+01,2.154817346301342251e+00
6.980000000000001137e+01,2.893495584168677581e+00
6.981999999999999318e+01,2.762125714882209149e+00
6.984000000000000341e+01,2.126791980157107353e+00
6.985999999999999943e+01,1.464622093851271067e+00
6.987999999999999545e+01,7.053569009508362520e-01
6.990000000000000568e+01,4.919453794970434779e-01
6.992000000000000171e+01,1.605810013879450660e-01
6.993999999999999773e+01,5.137074505691164861e-01
6.996000000000000796e+01,2.272835662226216913e-01
6.998000000000000398e+01,3.189309536798227152e-01
7.000000000000000000e+01,2.301378249011326038e-01
7.002000000000001023e+01,-7.138378441483782255e-02
7.003999999999999204e+01,1.253765965732387411e-01
7.006000000000000227e+01,-3.542007778429892562e-02
7.007999999999999829e+01,3.006282324165403530e-01
7.009999999999999432e+01,-1.314631302754343256e-01
7.012000000000000455e+01,1.703511558832338513e-01
7.014000000000000057e+01,-7.226245043785560485e-02
7.015999999999999659e+01,7.270206293072209447e-02
7.018000000000000682e+01,7.250832651306880761e-02
7.020000000000000284e+01,1.412943253004320943e-01
7.021999999999999886e+01,9.381029723296105405e-02
7.024000000000000909e+01,7.884999113571479479e-02
7.025999999999999091e+01,5.932210372464691295e-02
7.028000000000000114e+01,1.201643362333893461e-01
7.030000000000001137e+01,3.244017759178561278e-01
7.031999999999999318e+01,-7.288322148466477857e-02
7.034000000000000341e+01,1.789254671547313713e-01
7.035999999999999943e+01,1.549122706259490334e-01
7.037999999999999545e+01,-3.295420312806952856e-02
7.040000000000000568e+01,1.178275745489739124e-01
7.042000000000000171e+01,2.419880460746414164e-01
7.043999999999999773e+01,4.015042344626812421e-02
7.046000000000000796e+01,-3.026765862859470690e-02
7.048000000000000398e+01,1.059616020873649367e-01
7.050000000000000000e+01,-6.108680238080756858e-02
7.052000000000001023e+01,9.775639772687315203e-04
7.053999999999999204e+01,1.008085039073111228e-01
7.056000000000000227e+01,1.637251325815970160e-01
7.057999999999999829e+01,1.496424904231891950e-01
7.059999999999999432e+01,6.467464992380304867e-02
7.062000000000000455e+01,-2.695341094763967216e-01
7.064000000000000057e+01,3.792993696665824567e-03
7.065999999999999659e+01,1.382197950175399481e-01
7.068000000000000682e+01,1.875124823995132917e-01
7.070000000000000284e+01,-5.914628701434158226e-02
7.071999999999999886e+01,1.721319562147329355e-02
7.074000000000000909e+01,2.543992363688635794e-01
7.075999999999999091e+01,-1.794772185231742478e-02
7.078000000000000114e+01,3.887599495342982520e-02
7.080000000000001137e+01,6.257163537426518873e-02
7.081999999999999318e+01,-3.500414499079453762e-02
7.084000000000000341e+01,-9.072525507101816822e-03
7.085999999999999943e+01,-1.588353714284016296e-02
7.087999999999999545e+01,-9.300621650877380353e-02
7.090000000000000568e+01,-3.759117918274346853e-02
7.092000000000000171e+01,-7.351457580991012375e-02
7.093999999999999773e+01,-4.857566583224928736e-02
7.096000000000000796e+01,4.289381769794993471e-02
7.098000000000000398e+01,1.303674526272882161e-01
7.100000000000000000e+01,2.240654520607839317e-01
7.102000000000001023e+01,1.385784373030853577e-02
7.103999999999999204e+01,1.871803110062105757e-01
7.106000000000000227e+01,-1.120097140397313534e-01
7.107999999999999829e+01,1.020737778654101507e-01
7.109999999999999432e+01,1.590205163106985231e-01
7.112000000000000455e+01,-1.339100443560858611e-01
7.114000000000000057e+01,2.332152563263798495e-01
7.115999999999999659e+01,9.625216548999632193e-02
7.118000000000000682e+01,3.620781618548819109e-02
7.120000000000000284e+01,-1.814748195942400902e-02
7.121999999999999886e+01,-1.703582903845457172e-02
7.124000000000000909e+01,1.703540384014901599e-01
7.125999999999999091e+01,-1.475754366109421727e-02
7.128000000000000114e+01,8.494622337951302643e-03
7.130000000000001137e+01,6.648518874599787520e-02
7.131999999999999318e+01,1.815120030962207032e-01
7.134000000000000341e+01,-4.367555579114112269e-02
7.135999999999999943e+01,2.797655783095091830e-02
7.137999999999999545e+01,1.182816139952876239e-01
7.140000000000000568e+01,1.946551969033297191e-01
7.142000000000000171e+01,-1.290196058739469520e-01
7.143999999999999773e+01,5.631786034598322555e-02
7.146000000000000796e+01,1.543659821612618499e-01
7.148000000000000398e+01,2.670572035517534970e-02
7.150000000000000000e+01,8.570521390444280074e-02
7.152000000000001023e+01,1.061407646536859928e-01
7.153999999999999204e+01,-4.760158938828155939e-02
7.156000000000000227e+01,2.293635169143697361e-01
7.157999999999999829e+01,-5.236174160555637919e-02
7.159999999999999432e+01,3.745587967049990308e-02
7.162000000000000455e+01,9.073019782073786510e-02
7.164000000000000057e+01,6.136287894663877002e-02
7.165999999999999659e+01,1.772432366658579367e-03
7.168000000000000682e+01,1.892940532182957325e-01
7.170000000000000284e+01,1.886944389374171638e-01
7.171999999999999886e+01,1.841047683109667821e-01
7.174000000000000909e+01,1.803914772260517829e-01
7.175999999999999091e+01,1.408038415673590615e-01
7.178000000000000114e+01,3.541485453759861401e-02
7.180000000000001137e+01,6.373646577773853239e-02
7.181999999999999318e+01,2.692717997762374971e-01
7.184000000000000341e+01,2.852790474638566831e-01
7.185999999999999943e+01,2.505557547942319219e-01
7.187999999999999545e+01,1.377816379722892892e-01
7.190000000000000568e+01,-1.130632366052542331e-01
7.192000000000000171e+01,1.328892084573179977e-01
7.193999999999999773e+01,-1.962513319068570905e-01
7.196000000000000796e+01,1.013065969988665993e-01
7.198000000000000398e+01,5.624774535404803572e-02
7.200000000000000000e+01,1.026996535407717348e-01
7.202000000000001023e+01,2.323369315364326448e-02
7.203999999999999204e+01,1.313999910873002441e-01
7.206000000000000227e+01,4.806344666756705297e-02
7.207999999999999829e+01,1.229826945297248786e-01
7.209999999999999432e+01,2.243972959356899388e-01
7.212000000000000455e+01,3.465072858756676477e-02
7.214000000000000057e+01,3.309419353572345263e-02
7.215999999999999659e+01,2.236435544554108146e-01
7.218000000000000682e+01,1.767258556881504128e-01
7.220000000000000284e+01,2.843539779624491490e-02
7.221999999999999886e+01,7.292360594061325640e-02
7.224000000000000909e+01,-1.027115997849358808e-01
7.225999999999999091e+01,7.118966523824230008e-02
7.228000000000000114e+01,2.127493367569350535e-01
7.230000000000001137e+01,5.630218945389674212e-02
7.231999999999999318e+01,1.621230636152610483e-01
7.234000000000000341e+01,1.140039565347809869e-01
7.235999999999999943e+01,6.912937404003707820e-02
7.237999999999999545e+01,1.227328121705154595e-01
7.240000000000000568e+01,2.290981336175528793e-01
7.242000000000000171e+01,6.283039372639299958e-02
7.243999999999999773e+01,1.702368546754635115e-01
7.246000000000000796e+01,-7.213924783597171209e-02
7.248000000000000398e+01,8.009439481252271509e-02
7.250000000000000000e+01,3.422323991670289667e-01
7.252000000000001023e+01,9.094837180654080644e-02
7.253999999999999204e+01,1.679509215381314313e-01
7.256000000000000227e+01,-1.357940885653292074e-01
7.257999999999999829e+01,1.203235733656435325e-01
7.259999999999999432e+01,-2.336435853188754130e-01
7.262000000000000455e+01,1.928362309400113161e-01
7.264000000000000057e+01,6.878196833903081620e-02
7.265999999999999659e+01,3.110235988642647831e-01
7.268000000000000682e+01,6.952250447661527388e-02
7.270000000000000284e+01,1.842274307291103530e-01
7.271999999999999886e+01,2.208371857894734225e-01
7.274000000000000909e+01,2.845380411477186344e-01
7.275999999999999091e+01,1.991731406125304416e-01
7.278000000000000114e+01,3.544947697901931205e-01
7.280000000000001137e+01,2.866550591839221451e-01
7.281999999999999318e+01,4.117276482017515060e-01
7.284000000000000341e+01,7.658633448009362077e-01
7.285999999999999943e+01,4.679995092794253519e-01
7.287999999999999545e+01,8.680979150280241363e-01
7.290000000000000568e+01,1.069022032884284101e+00
7.292000000000000171e+01,1.472562422779974955e+00
7.293999999999999773e+01,2.571040453153907279e+00
7.296000000000000796e+01,3.008429637026644343e+00
7.298000000000000398e+01,3.269731244589747288e+00
7.300000000000000000e+01,2.682783052149913861e+00
7.302000000000001023e+01,2.048529030122522077e+00
7.303999999999999204e+01,1.340646691691194548e+00
7.306000000000000227e+01,4.271703095133764783e-01
7.307999999999999829e+01,3.781916228927543200e-01
7.309999999999999432e+01,3.511761006619162906e-01
7.312000000000000455e+01,1.782463083012054139e-01
7.314000000000000057e+01,1.591091252563175962e-01
7.315999999999999659e+01,2.566007377403257683e-01
7.318000000000000682e+01,1.587696659218556794e-01
7.320000000000000284e+01,2.675720572367389360e-01
7.321999999999999886e+01,1.327211553842346792e-01
7.324000000000000909e+01,2.413275618604130215e-02
7.325999999999999091e+01,2.327570614782095981e-01
7.328000000000000114e+01,1.333290062530055886e-01
7.330000000000001137e+01,3.138327074857857890e-01
7.331999999999999318e+01,5.788285688878459095e-02
7.334000000000000341e+01,2.519339065030143376e-01
7.335999999999999943e+01,3.581823701716713160e-02
7.337999999999999545e+01,5.539558037576290672e-02
7.340000000000000568e+01,2.946294187685073729e-02
7.342000000000000171e+01,1.678920290094795603e-03
7.343999999999999773e+01,1.688230237468950901e-01
7.346000000000000796e+01,1.555735479003657329e-01
7.348000000000000398e+01,9.679783228458473110e-02
7.350000000000000000e+01,1.872239186845896242e-01
7.352000000000001023e+01,1.612272818382524675e-01
7.353999999999999204e+01,-1.217210369116465962e-01
7.356000000000000227e+01,9.963089331336998089e-02
7.357999999999999829e+01,1.707837847540749285e-02
7.359999999999999432e+01,4.129836851809708109e-02
7.362000000000000455e+01,7.194102093174052914e-01
7.364000000000000057e+01,1.896379584772164284e-01
7.365999999999999659e+01,2.818537075246121959e-01
7.368000000000000682e+01,1.675882435040317586e-01
7.370000000000000284e+01,2.736221250329199939e-01
7.371999999999999886e+01,1.838176130706395961e-01
7.374000000000000909e+01,1.634441623853973291e-01
7.375999999999999091e+01,5.121834882378336479e-02
7.378000000000000114e+01,9.691203879775438235e-02
7.380000000000001137e+01,1.362429616231183860e-01
7.381999999999999318e+01,-9.068591121637140096e-02
7.384000000000000341e+01,2.006750529939455713e-02
7.385999999999999943e+01,-1.002101241570731716e-01
7.387999999999999545e+01,5.900287991463681186e-02
7.390000000000000568e+01,2.347068622840455254e-01
7.392000000000000171e+01,-7.442828082268655721e-02
7.393999999999999773e+01,-5.776281309788409285e-02
7.396000000000000796e+01,1.009076929937140349e-01
7.398000000000000398e+01,-2.338917664790968534e-02
7.400000000000000000e+01,6.356962562615389722e-02
7.401999999999999602e+01,1.413101280464798826e-01
7.404000000000000625e+01,-1.336485232116426669e-01
7.406000000000000227e+01,1.470854205386386560e-01
7.407999999999999829e+01,1.306769230924445246e-01
7.409999999999999432e+01,1.742303153174990238e-01
7.412000000000000455e+01,2.173657093752616731e-01
7.414000000000000057e+01,1.042067129611462806e-01
7.415999999999999659e+01,2.989775241023456820e-01
7.418000000000000682e+01,2.371234548493806119e-02
7.420000000000000284e+01,8.901583904053998741e-02
7.421999999999999886e+01,1.564447437468796109e-01
7.423999999999999488e+01,2.031726001180543251e-01
7.426000000000000512e+01,-1.118621345255126354e-01
7.428000000000000114e+01,1.186513832970732540e-01
7.429999999999999716e+01,1.395098862128000827e-01
7.432000000000000739e+01,9.829635855444400494e-02
7.434000000000000341e+01,4.558502689891655857e-01
7.435999999999999943e+01,3.254632179106611845e-01
7.437999999999999545e+01,2.192718281305677808e-01
7.440000000000000568e+01,1.172707638693849808e-01
7.442000000000000171e+01,1.090675028488714421e-01
7.443999999999999773e+01,3.671101899005008162e-01
7.446000000000000796e+01,2.426574490480999380e-01
7.448000000000000398e+01,4.730361676381829028e-01
7.450000000000000000e+01,4.209281273305122695e-01
7.451999999999999602e+01,4.643752808535409615e-01
7.454000000000000625e+01,5.919744442474157431e-01
7.456000000000000227e+01,5.870505964304518765e-01
7.457999999999999829e+01,6.510339104328495274e-01
7.459999999999999432e+01,5.440303190865174443e-01
7.462000000000000455e+01,1.045503008545044965e+00
7.464000000000000057e+01,1.609181789192822398e+00
7.465999999999999659e+01,3.191389457076517111e+00
7.468000000000000682e+01,5.285752116872326489e+00
7.470000000000000284e+01,8.985431230716937279e+00
7.471999999999999886e+01,1.175592127253779395e+01
7.473999999999999488e+01,1.087312497453607030e+01
7.476000000000000512e+01,8.141698248351660894e+00
7.478000000000000114e+01,5.120294003023289520e+00
7.479999999999999716e+01,2.879456642958302837e+00
7.482000000000000739e+01,1.908959196661215163e+00
7.484000000000000341e+01,1.089410518337216693e+00
7.485999999999999943e+01,9.987922160637130453e-01
7.487999999999999545e+01,9.593565211778622981e-01
7.490000000000000568e+01,9.777381347681082246e-01
7.492000000000000171e+01,8.633441994479044146e-01
7.493999999999999773e+01,3.574056925684369612e-01
7.496000000000000796e+01,2.518092900232568043e-01
7.498000000000000398e+01,9.172245774845586008e-02
7.500000000000000000e+01,4.108392164693185911e-01
7.501999999999999602e+01,4.677080168252456538e-01
7.504000000000000625e+01,1.906723678835886004e-01
7.506000000000000227e+01,2.303546976621739795e-01
7.507999999999999829e+01,1.089878254067878777e-01
7.509999999999999432e+01,1.866652918414881679e-01
7.512000000000000455e+01,1.009805829087894596e-01
7.514000000000000057e+01,3.690591636812799725e-02
7.515999999999999659e+01,5.879435911328599607e-02
7.518000000000000682e+01,2.867875551766869702e-01
7.520000000000000284e+01,3.336870329853569572e-01
7.521999999999999886e+01,3.386264459157056761e-01
7.523999999999999488e+01,3.879005549446919998e-01
7.526000000000000512e+01,4.658939006502142433e-01
7.528000000000000114e+01,3.264710417090526118e-01
7.529999999999999716e+01,3.069065679605091357e-01
7.532000000000000739e+01,2.037752504911068685e-01
7.534000000000000341e+01,3.344459118383990015e-01
7.535999999999999943e+01,3.862953183038976279e-01
7.537999999999999545e+01,2.586242131748901496e-01
7.540000000000000568e+01,2.070598486690279072e-01
7.542000000000000171e+01,2.300861468133245102e-01
7.543999999999999773e+01,3.191849109917117566e-01
7.546000000000000796e+01,3.463390528262116907e-01
7.548000000000000398e+01,1.994697103070492694e-01
7.550000000000000000e+01,2.143489753089856120e-01
7.551999999999999602e+01,1.011196564061936226e-01
7.554000000000000625e+01,5.703984726215994422e-02
7.556000000000000227e+01,1.129787649755397139e-01
7.557999999999999829e+01,1.535919136378874617e-01
7.559999999999999432e+01,1.317034057680856185e-01
7.562000000000000455e+01,1.314502556895097984e-01
7.564000000000000057e+01,3.012812146026521143e-01
7.565999999999999659e+01,-1.644002797064032795e-02
7.568000000000000682e+01,3.040375809774670257e-01
7.570000000000000284e+01,7.010361516235870394e-02
7.571999999999999886e+01,2.725456952070663963e-01
7.573999999999999488e+01,-7.283420489774371231e-02
7.576000000000000512e+01,1.639295414665670469e-01
7.578000000000000114e+01,1.379656276483962329e-01
7.579999999999999716e+01,7.868945664550856811e-02
7.582000000000000739e+01,-1.591523243539186283e-01
7.584000000000000341e+01,1.698734519699946210e-01
7.585999999999999943e+01,5.067579374588560004e-02
7.587999999999999545e+01,6.897475248423018401e-02
7.590000000000000568e+01,2.245936017121480041e-02
7.592000000000000171e+01,2.695137936533719136e-01
7.593999999999999773e+01,1.136931372438126225e-01
7.596000000000000796e+01,7.569382411167811797e-02
7.598000000000000398e+01,7.327234267276867830e-02
7.600000000000000000e+01,2.842300389472265931e-01
7.601999999999999602e+01,1.461445917980820630e-01
7.604000000000000625e+01,2.484982792316796640e-01
7.606000000000000227e+01,6.976155798712536590e-03
7.607999999999999829e+01,1.145061080248071794e-01
7.609999999999999432e+01,-1.150719877911040162e-01
7.612000000000000455e+01,-2.782767895577516193e-02
7.614000000000000057e+01,2.116240990537835986e-01
7.615999999999999659e+01,4.892660692485715362e-02
7.618000000000000682e+01,-6.813098949123909398e-02
7.620000000000000284e+01,1.300330606162174440e-01
7.621999999999999886e+01,3.469030968487586963e-01
7.623999999999999488e+01,7.300922302491062721e-02
7.626000000000000512e+01,-5.147111273029190970e-02
7.628000000000000114e+01,-3.883948340900128526e-02
7.629999999999999716e+01,-1.118072842959192958e-01
7.632000000000000739e+01,9.189714200675813682e-02
7.634000000000000341e+01,1.051701993298576748e-01
7.635999999999999943e+01,1.439623069906839359e-01
7.637999999999999545e+01,6.762032451893379426e-02
7.640000000000000568e+01,5.261686561086720282e-03
7.642000000000000171e+01,3.164062923574809116e-01
7.643999999999999773e+01,3.242305725575744257e-01
7.646000000000000796e+01,1.894348979820044132e-01
7.648000000000000398e+01,-5.342915715814167132e-02
7.650000000000000000e+01,3.373248491844136332e-01
7.651999999999999602e+01,3.183655544061415599e-01
7.654000000000000625e+01,3.813685757916191466e-01
7.656000000000000227e+01,6.751336263228062684e-01
7.657999999999999829e+01,7.491589524406239153e-01
7.659999999999999432e+01,1.340727701531068794e+00
7.662000000000000455e+01,2.055139342062697771e+00
7.664000000000000057e+01,3.335169356072882785e+00
7.665999999999999659e+01,3.604529353125716096e+00
7.668000000000000682e+01,2.781228364483468329e+00
7.670000000000000284e+01,1.748292794905584646e+00
7.671999999999999886e+01,1.089705112214498950e+00
7.673999999999999488e+01,7.722345867721012169e-01
7.676000000000000512e+01,2.390217838854347132e-01
7.678000000000000114e+01,3.996692930331201543e-01
7.679999999999999716e+01,3.147399336169778850e-01
7.682000000000000739e+01,2.149320071768003049e-01
7.684000000000000341e+01,2.574188532797008766e-01
7.685999999999999943e+01,3.300883085118384019e-01
7.687999999999999545e+01,2.941632415677433721e-02
7.690000000000000568e+01,-1.340189807930464161e-01
7.692000000000000171e+01,8.296574439593659353e-03
7.693999999999999773e+01,3.916369298352146422e-01
7.696000000000000796e+01,1.020547416918371197e-01
7.698000000000000398e+01,-1.067416078828275355e-02
7.700000000000000000e+01,3.994846496832641508e-02
7.701999999999999602e+01,1.362647015017152130e-01
7.704000000000000625e+01,2.281119146356754834e-01
7.706000000000000227e+01,7.183378069506131391e-02
7.707999999999999829e+01,6.028852814216383027e-02
7.709999999999999432e+01,3.531111276630537477e-01
7.712000000000000455e+01,2.230584846183144773e-02
7.714000000000000057e+01,-9.092882425562394400e-03
7.715999999999999659e+01,8.435114113503185129e-02
7.718000000000000682e+01,1.448220454144535374e-01
7.720000000000000284e+01,4.755997739499586222e-03
7.721999999999999886e+01,-4.435427149233859417e-02
7.723999999999999488e+01,9.965606296097931360e-02
7.726000000000000512e+01,4.635818355131519908e-02
7.728000000000000114e+01,1.269173457813145278e-01
7.729999999999999716e+01,2.754208519641361819e-01
7.732000000000000739e+01,3.562316080011450614e-01
7.734000000000000341e+01,4.833411452706767308e-01
7.735999999999999943e+01,7.379133394267900492e-01
7.737999999999999545e+01,4.496816060682922167e-01
7.740000000000000568e+01,6.719335871387314141e-01
7.742000000000000171e+01,5.190681932679858113e-01
7.743999999999999773e+01,1.874821076578127299e-01
7.746000000000000796e+01,9.344588656828688167e-02
7.748000000000000398e+01,2.482071125152923718e-01
7.750000000000000000e+01,6.274581415733461454e-02
7.751999999999999602e+01,1.395342645040736074e-01
7.754000000000000625e+01,-4.073078387200234490e-02
7.756000000000000227e+01,6.067414229450624613e-02
7.757999999999999829e+01,1.522794209518774089e-01
7.759999999999999432e+01,-1.860056392696956759e-02
7.762000000000000455e+01,2.063441797333135513e-02
7.764000000000000057e+01,1.503901887892510059e-01
7.765999999999999659e+01,2.153373048838717885e-02
7.768000000000000682e+01,2.140753146742220003e-01
7.770000000000000284e+01,1.054738506396783182e-01
7.771999999999999886e+01,1.028310193414543189e-01
7.773999999999999488e+01,2.023849270945098644e-01
7.776000000000000512e+01,1.772762095806527105e-01
7.778000000000000114e+01,3.972532718309084165e-01
7.779999999999999716e+01,2.199449146446906811e-01
7.782000000000000739e+01,1.619614005668289780e-01
7.784000000000000341e+01,3.550230043116003320e-01
7.785999999999999943e+01,2.314995508283507197e-01
7.787999999999999545e+01,6.711273141943817633e-01
7.790000000000000568e+01,7.069071919220165645e-01
7.792000000000000171e+01,1.291962393482207982e+00
7.793999999999999773e+01,1.816120214802962485e+00
7.796000000000000796e+01,2.066374905534325013e+00
7.798000000000000398e+01,2.926499918200848427e+00
7.800000000000000000e+01,2.447381672818244702e+00
7.801999999999999602e+01,2.407813111433045883e+00
7.804000000000000625e+01,2.527321210441310306e+00
7.806000000000000227e+01,1.725518215939036315e+00
7.807999999999999829e+01,1.446702678871662817e+00
7.809999999999999432e+01,7.118989438132515835e-01
7.812000000000000455e+01,8.756379504349915965e-01
7.814000000000000057e+01,5.036096061879877794e-01
7.815999999999999659e+01,3.498063355951949172e-01
7.818000000000000682e+01,3.553859164015296113e-01
7.820000000000000284e+01,1.247703906967561061e-01
7.821999999999999886e+01,2.221633668917996629e-01
7.823999999999999488e+01,2.128585518290398160e-01
7.826000000000000512e+01,1.883655419924198104e-01
7.828000000000000114e+01,8.168152281302985818e-02
7.829999999999999716e+01,1.285102429139304836e-01
7.832000000000000739e+01,1.844288665156431500e-02
7.834000000000000341e+01,2.547461809555663370e-01
7.835999999999999943e+01,2.798217942591081364e-01
7.837999999999999545e+01,-4.188260624018527029e-02
7.840000000000000568e+01,8.875731971847547475e-02
7.842000000000000171e+01,2.110134406321095002e-01
7.843999999999999773e+01,2.425997073743048627e-01
7.846000000000000796e+01,8.442256281648818916e-02
7.848000000000000398e+01,1.112436300712176113e-01
7.850000000000000000e+01,1.555886463707173706e-01
7.851999999999999602e+01,3.362280980201522995e-01
7.854000000000000625e+01,1.027088513578704315e-01
7.856000000000000227e+01,2.713869300633120485e-01
7.857999999999999829e+01,-2.791425508327198546e-02
7.860000000000000853e+01,3.330237853923206370e-01
7.862000000000000455e+01,7.226892243960490736e-02
7.864000000000000057e+01,1.180576878153008630e-01
7.865999999999999659e+01,2.670949664763127007e-01
7.868000000000000682e+01,-3.262553324786159059e-02
7.870000000000000284e+01,-8.796587737921351957e-02
7.871999999999999886e+01,3.515411542842727943e-01
7.873999999999999488e+01,3.633676161834827889e-01
7.876000000000000512e+01,7.990004578959299109e-02
7.878000000000000114e+01,1.399803794822134517e-01
7.879999999999999716e+01,1.050875131425207526e-01
7.882000000000000739e+01,1.414454144101937039e-01
7.884000000000000341e+01,1.238333369394453987e-01
7.885999999999999943e+01,1.830910323983963583e-01
7.887999999999999545e+01,1.220802076168469724e-01
7.890000000000000568e+01,3.180414846048474908e-01
7.892000000000000171e+01,1.267085659148815546e-01
7.893999999999999773e+01,2.445326082245100618e-01
7.896000000000000796e+01,2.186439832321303567e-01
7.898000000000000398e+01,3.291954557542463022e-01
7.900000000000000000e+01,2.959829690574232730e-01
7.901999999999999602e+01,5.079740663780396570e-01
7.904000000000000625e+01,4.015725134692894605e-01
7.906000000000000227e+01,3.631917710380186404e-01
7.907999999999999829e+01,2.295756514073710730e-01
7.910000000000000853e+01,3.470866748306448146e-01
7.912000000000000455e+01,1.275097278611175278e-01
7.914000000000000057e+01,2.370009159522354358e-02
7.915999999999999659e+01,4.253142613130418415e-01
7.918000000000000682e+01,1.791531592861740907e-01
7.920000000000000284e+01,3.144627154625408427e-01
7.921999999999999886e+01,3.625875024457974050e-01
7.923999999999999488e+01,4.334609527922688721e-01
7.926000000000000512e+01,4.318452969292725374e-01
7.928000000000000114e+01,4.383895080355606488e-01
7.929999999999999716e+01,3.393618029662631153e-01
7.932000000000000739e+01,1.645687071482674624e-01
7.934000000000000341e+01,1.706816686212549866e-02
7.935999999999999943e+01,3.065800227829895697e-02
7.937999999999999545e+01,3.893192128596247026e-02
7.940000000000000568e+01,1.406268232155258591e-01
7.942000000000000171e+01,-3.309658953470597659e-02
7.943999999999999773e+01,6.133572105596857282e-02
7.946000000000000796e+01,5.124496903975815643e-02
7.948000000000000398e+01,2.686447325808992079e-02
7.950000000000000000e+01,6.185614205817305949e-02
7.951999999999999602e+01,1.684859441636319122e-01
7.954000000000000625e+01,8.311240984398782228e-02
7.956000000000000227e+01,1.331434223589949284e-01
7.957999999999999829e+01,4.371011815159706743e-02
7.960000000000000853e+01,2.033186646657347274e-01
7.962000000000000455e+01,1.055215160854660883e-01
7.964000000000000057e+01,2.582905706310065913e-02
7.965999999999999659e+01,3.273394744519023680e-01
7.968000000000000682e+01,1.002313827716641396e-02
7.970000000000000284e+01,-8.484817011073002291e-02
7.971999999999999886e+01,1.187158497275654090e-01
7.973999999999999488e+01,-4.889124749479712567e-02
7.976000000000000512e+01,2.987617786972880385e-01
7.978000000000000114e+01,1.168601423326951910e-01
7.979999999999999716e+01,5.464724534813296397e-02
7.982000000000000739e+01,-9.350759710482615950e-02
7.984000000000000341e+01,5.669059325690677803e-02
7.985999999999999943e+01,1.576973545411166633e-01
7.987999999999999545e+01,1.139014259611921820e-01
7.990000000000000568e+01,-4.563950011540370000e-02
7.992000000000000171e+01,-1.075690626949830225e-01
7.993999999999999773e+01,-1.448834640902640081e-01
7.996000000000000796e+01,1.486532084787539343e-01
7.998000000000000398e+01,6.555316208912623233e-02
8.000000000000000000e+01,7.417372471443005322e-02
