# 2Theta,Intensity
1.000000000000000000e+01,5.253081894772863164e-02
1.001999999999999957e+01,2.405649448632489473e-01
1.003999999999999915e+01,5.590827958111920654e-02
1.006000000000000050e+01,1.966433495645636131e-01
1.008000000000000007e+01,1.567157410562955711e-01
1.009999999999999964e+01,3.751112927199871244e-02
1.011999999999999922e+01,7.368668226086623474e-02
1.014000000000000057e+01,-2.763235946068261575e-02
1.016000000000000014e+01,6.007710563774431439e-02
1.017999999999999972e+01,1.172588489110545085e-01
1.019999999999999929e+01,1.374716400332814947e-01
1.022000000000000064e+01,3.305078686191732507e-01
1.024000000000000021e+01,1.465957694152809354e-01
1.025999999999999979e+01,1.100613574921194687e-01
1.027999999999999936e+01,8.022671948338664857e-03
1.030000000000000071e+01,9.272854168997607394e-02
1.032000000000000028e+01,2.410441179163552994e-01
1.033999999999999986e+01,-6.025378162042830527e-02
1.035999999999999943e+01,2.718345041626876735e-01
1.038000000000000078e+01,5.213066540069573318e-02
1.040000000000000036e+01,1.724068609349516112e-01
1.041999999999999993e+01,2.131395924676449394e-01
1.043999999999999950e+01,4.694417520726376636e-02
1.046000000000000085e+01,-2.856612130136251815e-02
1.048000000000000043e+01,1.318345736891120799e-02
1.050000000000000000e+01,-1.177085483972257866e-02
1.051999999999999957e+01,-9.069290225305342776e-03
1.053999999999999915e+01,4.521296161903984312e-02
1.056000000000000050e+01,9.717343541119236039e-02
1.058000000000000007e+01,1.090427394107255227e-01
1.059999999999999964e+01,-4.026225841539390719e-03
1.061999999999999922e+01,1.165650433176870920e-01
1.064000000000000057e+01,2.790309613580844728e-01
1.066000000000000014e+01,7.912916354236197714e-02
1.067999999999999972e+01,8.891051460107874185e-03
1.069999999999999929e+01,2.487258116192061497e-01
1.072000000000000064e+01,9.879857310381820468e-02
1.074000000000000021e+01,1.146608827177296175e-01
1.075999999999999979e+01,1.945245692065166732e-01
1.077999999999999936e+01,2.024885499275008161e-01
1.080000000000000071e+01,2.036249672342586858e-01
1.082000000000000028e+01,2.493981455464919228e-02
1.083999999999999986e+01,1.149603472268767856e-01
1.085999999999999943e+01,8.406655665864296023e-02
1.088000000000000078e+01,-4.033838541751681023e-02
1.090000000000000036e+01,6.047092949404690027e-02
1.091999999999999993e+01,1.343680391820454081e-02
1.093999999999999950e+01,-6.906021213576526985e-02
1.096000000000000085e+01,-1.765266175378762264e-02
1.098000000000000043e+01,2.699796648180480263e-01
1.100000000000000000e+01,1.409302279712570383e-01
1.101999999999999957e+01,9.773652041041899774e-02
1.103999999999999915e+01,8.973138515197700768e-03
1.106000000000000050e+01,4.409068581704800316e-02
1.108000000000000007e+01,8.520106961742461571e-02
1.109999999999999964e+01,1.848188038168963321e-01
1.112000000000000099e+01,7.955215027465994959e-02
1.114000000000000057e+01,1.659200761539893765e-01
1.116000000000000014e+01,-1.030046459258477792e-01
1.117999999999999972e+01,5.806470263578576013e-02
1.119999999999999929e+01,-6.349556853639712339e-02
1.122000000000000064e+01,-2.180183184615834546e-02
1.124000000000000021e+01,1.170678041287914195e-01
1.125999999999999979e+01,6.625459640578479359e-02
1.127999999999999936e+01,4.650876764435209892e-02
1.130000000000000071e+01,-3.227960764353315221e-02
1.132000000000000028e+01,1.062564148685930382e-01
1.133999999999999986e+01,-2.454603543173726130e-02
1.135999999999999943e+01,1.472131047344604482e-01
1.138000000000000078e+01,9.295673631204563747e-02
1.140000000000000036e+01,1.927491577090475194e-01
1.141999999999999993e+01,-6.072221742010650708e-02
1.143999999999999950e+01,8.991671405003864859e-02
1.146000000000000085e+01,-2.537822167720889602e-02
1.148000000000000043e+01,2.249140531022469358e-01
1.150000000000000000e+01,3.967470244436458598e-02
1.151999999999999957e+01,3.514358938397706827e-02
1.153999999999999915e+01,9.519509512866305978e-02
1.156000000000000050e+01,-1.801974902736688811e-02
1.158000000000000007e+01,2.235402046325319081e-01
1.159999999999999964e+01,1.722236069988675698e-03
1.162000000000000099e+01,1.387027468704787325e-01
1.164000000000000057e+01,1.324504253616085592e-01
1.166000000000000014e+01,1.924039957015009628e-01
1.167999999999999972e+01,1.095235135514571224e-02
1.169999999999999929e+01,-9.977104777440563843e-03
1.172000000000000064e+01,6.304265958544827408e-02
1.174000000000000021e+01,-3.668091314735690001e-02
1.175999999999999979e+01,9.444257559540368552e-02
1.177999999999999936e+01,4.883490756757784962e-02
1.180000000000000071e+01,6.840588256243164411e-02
1.182000000000000028e+01,6.544248428164814446e-02
1.183999999999999986e+01,-1.102440031793429538e-02
1.185999999999999943e+01,-1.298882636088709852e-01
1.188000000000000078e+01,4.651935874625244549e-02
1.190000000000000036e+01,1.397121787581166730e-01
1.191999999999999993e+01,2.320365262506611514e-01
1.193999999999999950e+01,5.680564158741049224e-02
1.196000000000000085e+01,1.162015913326470695e-01
1.198000000000000043e+01,-2.701250498445446901e-02
1.200000000000000000e+01,8.417487638428228225e-02
1.201999999999999957e+01,2.148488796793009969e-01
1.203999999999999915e+01,-5.112194840982346028e-02
1.206000000000000050e+01,1.730571584811717578e-01
1.208000000000000007e+01,1.964815974996076964e-01
1.209999999999999964e+01,2.224207367930908230e-01
1.212000000000000099e+01,1.163828738771313653e-01
1.214000000000000057e+01,7.520172430523082430e-02
1.216000000000000014e+01,7.497467585507451571e-02
1.217999999999999972e+01,3.277163775806874596e-02
1.219999999999999929e+01,4.760335956236021876e-02
1.222000000000000064e+01,1.039634098455224573e-02
1.224000000000000021e+01,6.031168221606749563e-02
1.225999999999999979e+01,2.032287373311079393e-01
1.228000000000000114e+01,1.306228482744524189e-01
1.230000000000000071e+01,1.442456944048816636e-01
1.232000000000000028e+01,1.963757527013546694e-02
1.233999999999999986e+01,2.357811148502318155e-01
1.235999999999999943e+01,1.503223489968952276e-01
1.237999999999999901e+01,1.343617813593768751e-01
1.240000000000000036e+01,1.665380729119068648e-01
1.241999999999999993e+01,1.514023504670647946e-01
1.243999999999999950e+01,6.831812310993119752e-02
1.246000000000000085e+01,-1.040346507335344201e-01
1.248000000000000043e+01,2.138517674733328711e-01
1.250000000000000000e+01,1.819769789990997311e-01
1.251999999999999957e+01,-5.580180297421975799e-02
1.253999999999999915e+01,2.722267183837221438e-01
1.256000000000000050e+01,1.285339275178584151e-01
1.258000000000000007e+01,5.817071201735377756e-02
1.259999999999999964e+01,8.617969590789112400e-02
1.262000000000000099e+01,3.661167901002423258e-02
1.264000000000000057e+01,9.321407269613207758e-02
1.266000000000000014e+01,2.446818578046748571e-02
1.267999999999999972e+01,7.941085241472964351e-02
1.269999999999999929e+01,1.406176348033325030e-01
1.272000000000000064e+01,1.741203472139488395e-01
1.274000000000000021e+01,2.746209689170971413e-01
1.275999999999999979e+01,8.515879465505182822e-02
1.278000000000000114e+01,5.177802833568590640e-02
1.280000000000000071e+01,1.421620948165020770e-01
1.282000000000000028e+01,-7.564042769661495635e-02
1.283999999999999986e+01,1.000392355305940451e-01
1.285999999999999943e+01,-3.605438082806955435e-02
1.287999999999999901e+01,1.535621897742958097e-01
1.290000000000000036e+01,-8.585373431847823089e-02
1.291999999999999993e+01,1.960687963692318569e-01
1.293999999999999950e+01,2.943392120558560587e-01
1.296000000000000085e+01,8.850238118303697943e-02
1.298000000000000043e+01,1.871630765239773670e-03
1.300000000000000000e+01,3.182377244390069970e-01
1.301999999999999957e+01,3.417037818484366940e-01
1.303999999999999915e+01,2.162139192436421942e-01
1.306000000000000050e+01,2.957666051023604692e-01
1.308000000000000007e+01,-3.038737480238751232e-02
1.309999999999999964e+01,3.912079173066121962e-01
1.312000000000000099e+01,1.552129389257365065e-02
1.314000000000000057e+01,2.514783666831260645e-01
1.316000000000000014e+01,2.623775412914332028e-01
1.317999999999999972e+01,6.107128269894840367e-02
1.319999999999999929e+01,3.108174408745255080e-01
1.322000000000000064e+01,2.800763975795241348e-02
1.324000000000000021e+01,3.655364263294520466e-01
1.325999999999999979e+01,-5.639993669694448597e-02
1.328000000000000114e+01,1.421845313775066955e-01
1.330000000000000071e+01,-1.184036942841750761e-01
1.332000000000000028e+01,1.729855396988486671e-01
1.333999999999999986e+01,1.407247653176790271e-02
1.335999999999999943e+01,2.713182974948629145e-01
1.337999999999999901e+01,9.689055607253861668e-02
1.340000000000000036e+01,5.126173133632096895e-02
1.341999999999999993e+01,2.139426803750710815e-01
1.343999999999999950e+01,3.463496895001007964e-02
1.346000000000000085e+01,1.380963966557540445e-01
1.348000000000000043e+01,1.116898436765266650e-01
1.350000000000000000e+01,2.589506511559004354e-01
1.351999999999999957e+01,2.320860787384845247e-01
1.353999999999999915e+01,1.710342532973087581e-01
1.356000000000000050e+01,1.514607426091089670e-01
1.358000000000000007e+01,8.727924987594151696e-02
1.359999999999999964e+01,1.650784481400348058e-01
1.362000000000000099e+01,1.266199469604752381e-01
1.364000000000000057e+01,5.568467723611643383e-02
1.366000000000000014e+01,1.415266124609847187e-01
1.367999999999999972e+01,5.333163699109048222e-02
1.369999999999999929e+01,3.589316183050318965e-01
1.372000000000000064e+01,1.367719058458062020e-01
1.374000000000000021e+01,2.019447121319274327e-02
1.375999999999999979e+01,2.392355190738053861e-01
1.378000000000000114e+01,2.792073944756426340e-01
1.380000000000000071e+01,1.745441921531802609e-01
1.382000000000000028e+01,9.687466303713382354e-02
1.383999999999999986e+01,1.787968425901498015e-01
1.385999999999999943e+01,2.549911228464954438e-01
1.387999999999999901e+01,4.352900951660489959e-01
1.390000000000000036e+01,2.741792391626730052e-01
1.391999999999999993e+01,5.444550214412438027e-01
1.393999999999999950e+01,1.027160948236015336e+00
1.396000000000000085e+01,3.737532757647302084e+00
1.398000000000000043e+01,9.267534833147902162e+00
1.400000000000000000e+01,2.064270173521231300e+01
1.401999999999999957e+01,2.469124341954966440e+01
1.403999999999999915e+01,1.952567523480340483e+01
1.406000000000000050e+01,7.868612870890308031e+00
1.408000000000000007e+01,2.410800527572640295e+00
1.409999999999999964e+01,1.098589335726178007e+00
1.412000000000000099e+01,6.797799032989296775e-01
1.414000000000000057e+01,7.319295854428046200e-01
1.416000000000000014e+01,3.373042618574082496e-01
1.417999999999999972e+01,3.183301009487526367e-01
1.419999999999999929e+01,1.818261879147595184e-01
1.421999999999999886e+01,3.049728955380974216e-01
1.424000000000000021e+01,1.454752576572719280e-01
1.425999999999999979e+01,6.100897611175812307e-02
1.428000000000000114e+01,3.134602149205627519e-01
1.430000000000000071e+01,7.143893491095007486e-02
1.432000000000000028e+01,1.606522706811517043e-01
1.433999999999999986e+01,2.489226693076738439e-01
1.435999999999999943e+01,2.746726006232683148e-01
1.437999999999999901e+01,3.058651017281707740e-01
1.440000000000000036e+01,1.539622700037601433e-01
1.441999999999999993e+01,2.890725412464810185e-01
1.444000000000000128e+01,1.630291498256913052e-01
1.446000000000000085e+01,2.366229353900338728e-01
1.448000000000000043e+01,1.871984590780670921e-01
1.450000000000000000e+01,2.729167341657127710e-01
1.451999999999999957e+01,2.268431443796560254e-01
1.453999999999999915e+01,1.077599059439247539e-02
1.456000000000000050e+01,-7.229808407058492710e-03
1.458000000000000007e+01,1.582447592264519254e-01
1.460000000000000142e+01,1.553618515187340510e-01
1.462000000000000099e+01,1.570879284606614603e-03
1.464000000000000057e+01,3.211973131452157126e-01
1.466000000000000014e+01,4.708580669075098507e-02
1.467999999999999972e+01,2.459331588448235018e-01
1.469999999999999929e+01,1.560805744593156408e-01
1.471999999999999886e+01,1.633989589849418056e-01
1.474000000000000021e+01,1.365616258089516477e-02
1.475999999999999979e+01,1.429128643955261957e-01
1.478000000000000114e+01,1.088167173890694228e-01
1.480000000000000071e+01,1.204345605394488289e-01
1.482000000000000028e+01,2.405104093213827343e-01
1.483999999999999986e+01,3.469292804313365425e-02
1.485999999999999943e+01,-2.249987199717724262e-01
1.487999999999999901e+01,7.385692543269173349e-02
1.490000000000000036e+01,9.340861926280423500e-02
1.491999999999999993e+01,1.072114079344455295e-01
1.494000000000000128e+01,-6.911508038432004342e-02
1.496000000000000085e+01,1.312386947939343448e-02
1.498000000000000043e+01,6.089610812126666772e-02
1.500000000000000000e+01,1.797654683820008037e-01
1.501999999999999957e+01,1.650389973399989663e-01
1.503999999999999915e+01,3.278940234437942303e-02
1.506000000000000050e+01,9.800510075275012389e-02
1.508000000000000007e+01,3.513150356170706701e-01
1.510000000000000142e+01,5.460140777042152976e-02
1.512000000000000099e+01,6.181934589586973033e-02
1.514000000000000057e+01,1.239760722031332252e-01
1.516000000000000014e+01,-3.776548119842172008e-02
1.517999999999999972e+01,9.843037576531478601e-04
1.519999999999999929e+01,1.641330434121524573e-01
1.521999999999999886e+01,1.573802331314960168e-01
1.524000000000000021e+01,1.313015679731819596e-01
1.525999999999999979e+01,4.055676057349579672e-02
1.528000000000000114e+01,-1.571092772978097823e-02
1.530000000000000071e+01,1.593150730829362427e-01
1.532000000000000028e+01,1.444175379232544854e-01
1.533999999999999986e+01,2.468425174759337482e-01
1.535999999999999943e+01,1.110034229752206170e-01
1.537999999999999901e+01,1.798654147817259630e-01
1.540000000000000036e+01,2.210471814918837929e-01
1.541999999999999993e+01,-5.465050335872194409e-02
1.544000000000000128e+01,3.106075469288957502e-01
1.546000000000000085e+01,1.419713607034125968e-01
1.548000000000000043e+01,4.541107918321773268e-02
1.550000000000000000e+01,2.435829459365110583e-01
1.551999999999999957e+01,1.775907665524532331e-01
1.553999999999999915e+01,2.713316325041682520e-01
1.556000000000000050e+01,3.179400948669416915e-01
1.558000000000000007e+01,8.865033069065206273e-02
1.560000000000000142e+01,1.233649284038005611e-01
1.562000000000000099e+01,-1.313031551585694123e-01
1.564000000000000057e+01,2.392779007583958062e-01
1.566000000000000014e+01,7.146847506509373948e-02
1.567999999999999972e+01,1.767035342391226893e-01
1.569999999999999929e+01,2.466999396748399964e-01
1.571999999999999886e+01,1.386581706264312097e-01
1.574000000000000021e+01,1.693789631590372491e-01
1.575999999999999979e+01,8.810223700611057029e-02
1.578000000000000114e+01,1.833965719915957304e-01
1.580000000000000071e+01,2.111718530925314752e-01
1.582000000000000028e+01,8.714867074250802481e-02
1.583999999999999986e+01,1.272658736044348649e-01
1.585999999999999943e+01,1.431721692609198016e-01
1.587999999999999901e+01,7.994680327985821677e-02
1.590000000000000036e+01,9.472395953568400750e-02
1.591999999999999993e+01,5.717594023154106558e-03
1.594000000000000128e+01,2.795152219325899301e-01
1.596000000000000085e+01,1.941298355422273469e-01
1.598000000000000043e+01,1.931173403171650982e-01
1.600000000000000000e+01,5.533236232584231445e-02
1.601999999999999957e+01,2.345179083502999806e-01
1.603999999999999915e+01,1.504321958753243593e-01
1.606000000000000227e+01,3.056958640398891452e-02
1.607999999999999829e+01,8.497479681885537761e-02
1.610000000000000142e+01,9.117188345079146883e-02
1.612000000000000099e+01,-1.569182726977926337e-02
1.614000000000000057e+01,7.226606067146912338e-02
1.616000000000000014e+01,1.912945560017696722e-01
1.617999999999999972e+01,6.012591517363765833e-03
1.619999999999999929e+01,1.018323757803692026e-01
1.621999999999999886e+01,4.360848984357904717e-02
1.624000000000000199e+01,4.041660043260594110e-02
1.625999999999999801e+01,2.249981010008420268e-01
1.628000000000000114e+01,1.204865665652348622e-01
1.630000000000000071e+01,2.262530995723146809e-01
1.632000000000000028e+01,9.700572269464904918e-02
1.633999999999999986e+01,1.973358133591357200e-01
1.635999999999999943e+01,-6.514765919481446330e-03
1.637999999999999901e+01,3.417705730896323374e-02
1.639999999999999858e+01,9.331177349649964758e-02
1.642000000000000171e+01,1.090948041474004426e-01
1.644000000000000128e+01,1.475792687678379456e-01
1.646000000000000085e+01,8.074163442118416356e-02
1.648000000000000043e+01,1.266665018542151577e-01
1.650000000000000000e+01,-9.577608020968821079e-02
1.651999999999999957e+01,-1.024498292387248863e-02
1.653999999999999915e+01,8.569003484229938128e-02
1.656000000000000227e+01,9.690460372076203921e-02
1.657999999999999829e+01,-8.330923223737357608e-02
1.660000000000000142e+01,1.358685917838943213e-01
1.662000000000000099e+01,1.957751985092318764e-02
1.664000000000000057e+01,1.692156936357886998e-01
1.666000000000000014e+01,3.716185978470246815e-02
1.667999999999999972e+01,2.884968239716483029e-02
1.669999999999999929e+01,9.747181797657794577e-02
1.671999999999999886e+01,2.764412164669700078e-01
1.674000000000000199e+01,7.595435448892336183e-02
1.675999999999999801e+01,-2.296283651224360206e-02
1.678000000000000114e+01,1.286559887578381245e-01
1.680000000000000071e+01,9.158553335990560207e-02
1.682000000000000028e+01,2.026495378710675421e-01
1.683999999999999986e+01,-5.856166872194538270e-02
1.685999999999999943e+01,8.442989560263668494e-03
1.687999999999999901e+01,1.073881135396803355e-01
1.689999999999999858e+01,-8.836706637660363128e-02
1.692000000000000171e+01,7.301596182502058385e-02
1.694000000000000128e+01,4.956559843775819318e-02
1.696000000000000085e+01,-1.005784689736088644e-01
1.698000000000000043e+01,7.844015422196955190e-02
1.700000000000000000e+01,1.722590754562512150e-01
1.701999999999999957e+01,1.613810254617233653e-01
1.703999999999999915e+01,9.024841449997174359e-02
1.706000000000000227e+01,1.494323125924784668e-01
1.707999999999999829e+01,2.765419015074377929e-01
1.710000000000000142e+01,9.676341489757210590e-02
1.712000000000000099e+01,2.258073557391185870e-01
1.714000000000000057e+01,8.246108188996410793e-02
1.716000000000000014e+01,-3.572585600088445251e-02
1.717999999999999972e+01,-1.373773162032867513e-02
1.719999999999999929e+01,1.770760240912928885e-01
1.721999999999999886e+01,-1.861035926908752650e-02
1.724000000000000199e+01,7.941625127718135446e-02
1.725999999999999801e+01,1.083281028986522732e-01
1.728000000000000114e+01,3.131468483965482719e-01
1.730000000000000071e+01,2.085150457891684350e-01
1.732000000000000028e+01,6.320134806162784613e-02
1.733999999999999986e+01,1.503690114136214950e-01
1.735999999999999943e+01,6.804307320140720594e-02
1.737999999999999901e+01,1.322990324034390985e-01
1.739999999999999858e+01,-4.604503337526317380e-02
1.742000000000000171e+01,1.623860367282203288e-01
1.744000000000000128e+01,3.625426960193823822e-01
1.746000000000000085e+01,1.315174403852260865e-01
1.748000000000000043e+01,3.931950931937371052e-03
1.750000000000000000e+01,1.338199213482391126e-01
1.751999999999999957e+01,1.537296479690391238e-01
1.753999999999999915e+01,1.045510151162102469e-01
1.756000000000000227e+01,1.841721553258945099e-01
1.757999999999999829e+01,-1.031656721261041063e-02
1.760000000000000142e+01,6.479160893624960615e-02
1.762000000000000099e+01,2.514835574670576390e-01
1.764000000000000057e+01,-1.348688427413106093e-02
1.766000000000000014e+01,-2.939697468183755102e-02
1.767999999999999972e+01,1.976557329281816155e-01
1.769999999999999929e+01,5.277234208439203489e-02
1.771999999999999886e+01,-8.983144780109937610e-02
1.774000000000000199e+01,1.074713935912195578e-01
1.775999999999999801e+01,-6.515288079632779172e-02
1.778000000000000114e+01,1.274103375960568274e-01
1.780000000000000071e+01,-1.748555924520047225e-02
1.782000000000000028e+01,2.485745940229966422e-02
1.783999999999999986e+01,1.994307725651558727e-01
1.785999999999999943e+01,1.516830222048964616e-01
1.787999999999999901e+01,1.595728497780900257e-01
1.789999999999999858e+01,1.264066215574979335e-01
1.792000000000000171e+01,6.428945204957900450e-02
1.794000000000000128e+01,3.098908944155255862e-01
1.796000000000000085e+01,9.333949385242948371e-02
1.798000000000000043e+01,2.188411226053968983e-01
1.800000000000000000e+01,-1.232834556617035809e-03
1.801999999999999957e+01,1.140290188384597836e-01
1.803999999999999915e+01,8.896148376940589408e-02
1.806000000000000227e+01,6.011820454106685252e-02
1.807999999999999829e+01,1.150173182115999115e-01
1.810000000000000142e+01,-2.202895890537318047e-02
1.812000000000000099e+01,1.288968313666266907e-01
1.814000000000000057e+01,1.355857921164926594e-01
1.816000000000000014e+01,1.012076135943631716e-01
1.817999999999999972e+01,4.525220392302890110e-02
1.819999999999999929e+01,9.525696143634489188e-02
1.821999999999999886e+01,3.111916912995809081e-01
1.824000000000000199e+01,6.230079014601706822e-02
1.825999999999999801e+01,2.325092449646546378e-01
1.828000000000000114e+01,1.900561245892855647e-02
1.830000000000000071e+01,2.794391591812295794e-01
1.832000000000000028e+01,1.072716739185560209e-01
1.833999999999999986e+01,1.430690818576298706e-01
1.835999999999999943e+01,-3.798689867542785065e-02
1.838000000000000256e+01,-1.124949971970335694e-01
1.839999999999999858e+01,8.793915963187445839e-02
1.842000000000000171e+01,2.583628009117501165e-02
1.843999999999999773e+01,6.335516327736072373e-02
1.846000000000000085e+01,-6.966809166105611406e-02
1.848000000000000043e+01,3.547671102486096850e-02
1.850000000000000000e+01,6.098603673157582811e-02
1.851999999999999957e+01,4.459767950991053165e-02
1.853999999999999915e+01,-3.394355404728221365e-02
1.856000000000000227e+01,2.294110532947061243e-01
1.857999999999999829e+01,8.975686233108355616e-02
1.860000000000000142e+01,1.399210474519184400e-01
1.862000000000000099e+01,1.550509902894992853e-01
1.864000000000000057e+01,1.571456302839436825e-01
1.866000000000000014e+01,7.700096287959901087e-02
1.867999999999999972e+01,-9.737345857696882989e-02
1.870000000000000284e+01,3.300681953334662355e-02
1.871999999999999886e+01,1.957447212484797749e-01
1.874000000000000199e+01,9.661344316549545785e-02
1.875999999999999801e+01,7.750454685945595834e-02
1.878000000000000114e+01,2.344944978860801221e-01
1.880000000000000071e+01,1.920590589660884917e-01
1.882000000000000028e+01,4.240644745533786453e-01
1.883999999999999986e+01,1.611136773251363452e-01
1.885999999999999943e+01,1.062197336230765177e-01
1.888000000000000256e+01,-1.421882276194000594e-01
1.889999999999999858e+01,1.566774174296921562e-01
1.892000000000000171e+01,1.613832039919148587e-01
1.893999999999999773e+01,2.454574180170159825e-01
1.896000000000000085e+01,2.622538718926923917e-01
1.898000000000000043e+01,-1.706191199379037404e-01
1.900000000000000000e+01,3.701058780403268522e-01
1.901999999999999957e+01,1.389070174078698150e-01
1.903999999999999915e+01,2.738025714781444631e-01
1.906000000000000227e+01,9.680998947391576334e-03
1.907999999999999829e+01,1.470042049471930456e-01
1.910000000000000142e+01,1.271417776232320884e-01
1.912000000000000099e+01,6.873276704694621098e-02
1.914000000000000057e+01,-5.582957298447860546e-03
1.916000000000000014e+01,2.686743731590963136e-01
1.917999999999999972e+01,-4.561103275421788533e-02
1.920000000000000284e+01,1.562212906600460305e-01
1.921999999999999886e+01,5.305425071151363692e-02
1.924000000000000199e+01,1.227885697628515876e-01
1.925999999999999801e+01,1.145461055319199895e-01
1.928000000000000114e+01,1.252029099396867462e-01
1.930000000000000071e+01,1.014503809746633428e-01
1.932000000000000028e+01,1.262629749071613738e-01
1.933999999999999986e+01,1.943526772554270976e-01
1.935999999999999943e+01,5.458941040194397604e-02
1.938000000000000256e+01,1.066226142462987636e-01
1.939999999999999858e+01,4.355841477910642537e-03
1.942000000000000171e+01,8.714922657425472341e-02
1.943999999999999773e+01,4.701610842115270389e-02
1.946000000000000085e+01,5.890193544362065659e-02
1.948000000000000043e+01,6.886058004274338284e-02
1.950000000000000000e+01,-6.112913144366725893e-02
1.951999999999999957e+01,-2.372909378472183584e-02
1.953999999999999915e+01,1.284383148886816817e-01
1.956000000000000227e+01,1.339684868603974732e-01
1.957999999999999829e+01,1.092814628133076532e-01
1.960000000000000142e+01,1.870171406729873032e-02
1.962000000000000099e+01,5.949222910821757443e-02
1.964000000000000057e+01,2.255132382936831381e-01
1.966000000000000014e+01,2.585086152122484382e-02
1.967999999999999972e+01,2.757495313337597898e-01
1.970000000000000284e+01,3.157117783062253491e-02
1.971999999999999886e+01,5.505253545208320214e-03
1.974000000000000199e+01,1.199275475328008544e-01
1.975999999999999801e+01,-3.211289694020873220e-02
1.978000000000000114e+01,-8.374219095128791757e-02
1.980000000000000071e+01,2.026026393272214177e-01
1.982000000000000028e+01,2.041422906611435883e-01
1.983999999999999986e+01,1.665432519776163800e-01
1.985999999999999943e+01,3.544005735527305800e-01
1.988000000000000256e+01,9.855202864995590839e-02
1.989999999999999858e+01,4.301029289429202790e-02
1.992000000000000171e+01,1.359889203771080281e-02
1.993999999999999773e+01,1.606887352863312357e-01
1.996000000000000085e+01,2.068031200156505711e-01
1.998000000000000043e+01,2.588885621744363430e-01
2.000000000000000000e+01,-2.993811901747842757e-02
2.001999999999999957e+01,2.821293825867937088e-01
2.003999999999999915e+01,1.217140584901074685e-01
2.006000000000000227e+01,1.488515155976779906e-02
2.007999999999999829e+01,8.620125490918673083e-02
2.010000000000000142e+01,4.476750485917713185e-01
2.012000000000000099e+01,7.864592370667253252e-02
2.014000000000000057e+01,3.055357207924397911e-01
2.016000000000000014e+01,2.626850773275500872e-01
2.017999999999999972e+01,5.245845103147588340e-01
2.020000000000000284e+01,4.717394362135480246e-01
2.021999999999999886e+01,6.327842146070348228e-01
2.024000000000000199e+01,6.883606203559280434e-01
2.025999999999999801e+01,1.019093983169027107e+00
2.028000000000000114e+01,2.211499373538572399e+00
2.030000000000000071e+01,6.419184448459397174e+00
2.032000000000000028e+01,1.598317991174022445e+01
2.033999999999999986e+01,2.610866225126516937e+01
2.035999999999999943e+01,2.386663837880525918e+01
2.038000000000000256e+01,1.257018289962184276e+01
2.039999999999999858e+01,4.629637648320861665e+00
2.042000000000000171e+01,1.669788114296149484e+00
2.043999999999999773e+01,9.617043865071528419e-01
2.046000000000000085e+01,8.996105367795431684e-01
2.048000000000000043e+01,7.231683403282629374e-01
2.050000000000000000e+01,4.468959016666115280e-01
2.051999999999999957e+01,4.240028385824465840e-01
2.053999999999999915e+01,4.223362684137472178e-01
2.056000000000000227e+01,2.344223869184040576e-01
2.057999999999999829e+01,4.583837721866413362e-01
2.060000000000000142e+01,3.830388673291778567e-01
2.062000000000000099e+01,4.687886037803042430e-03
2.064000000000000057e+01,1.157206764103539121e-01
2.066000000000000014e+01,2.835865829546826422e-01
2.067999999999999972e+01,1.578257893503345610e-01
2.070000000000000284e+01,1.299237213338732544e-01
2.071999999999999886e+01,1.128443105899455678e-01
2.074000000000000199e+01,2.009937035846773856e-01
2.075999999999999801e+01,1.760165740065971346e-02
2.078000000000000114e+01,1.293254620547554419e-02
2.080000000000000071e+01,3.308385466753783338e-02
2.082000000000000028e+01,1.109818123703695397e-01
2.083999999999999986e+01,2.854260072836065643e-01
2.085999999999999943e+01,1.093500157884995522e-01
2.088000000000000256e+01,2.321865043348361468e-01
2.089999999999999858e+01,1.298974464393664041e-01
2.092000000000000171e+01,1.420711997678295035e-01
2.093999999999999773e+01,2.023035773290105532e-01
2.096000000000000085e+01,1.682724585467917089e-01
2.098000000000000043e+01,6.177379170463821040e-02
2.100000000000000000e+01,2.266578849241297489e-01
2.101999999999999957e+01,3.613452663112992624e-02
2.103999999999999915e+01,1.069874017646544051e-01
2.106000000000000227e+01,1.094954418173073596e-01
2.107999999999999829e+01,1.235267083012872996e-01
2.110000000000000142e+01,1.339224731960863557e-01
2.112000000000000099e+01,-1.563036078410946494e-01
2.114000000000000057e+01,1.952515309380122022e-01
2.116000000000000014e+01,1.487679008719756668e-01
2.117999999999999972e+01,-2.154797411262211054e-02
2.120000000000000284e+01,-4.919697088316208472e-02
2.121999999999999886e+01,-2.135330859366254413e-02
2.124000000000000199e+01,-7.012590050294566224e-02
2.125999999999999801e+01,2.899815302132755512e-01
2.128000000000000114e+01,1.458886252390892424e-01
2.130000000000000071e+01,-2.902508183064039099e-02
2.132000000000000028e+01,-5.233747380533092936e-02
2.133999999999999986e+01,-1.373156761161239449e-02
2.135999999999999943e+01,1.103998264267965213e-01
2.138000000000000256e+01,1.397665082769643415e-02
2.139999999999999858e+01,1.317364944465903021e-01
2.142000000000000171e+01,7.196879976225109554e-02
2.143999999999999773e+01,7.647807811669263267e-02
2.146000000000000085e+01,-5.560749812838329531e-02
2.148000000000000043e+01,-1.303819041437408351e-02
2.150000000000000000e+01,6.070300910677059458e-02
2.151999999999999957e+01,8.176789947326859598e-02
2.153999999999999915e+01,1.144485513301612550e-01
2.156000000000000227e+01,2.218659081602790753e-02
2.157999999999999829e+01,2.549474057536044169e-01
2.160000000000000142e+01,2.453490823139481969e-01
2.162000000000000099e+01,4.690329437540570467e-02
2.164000000000000057e+01,1.259467535579809894e-01
2.166000000000000014e+01,-1.654597069560528322e-01
2.167999999999999972e+01,8.790949189504276146e-03
2.170000000000000284e+01,1.951372208618223358e-01
2.171999999999999886e+01,5.668369590237599953e-02
2.174000000000000199e+01,2.017486883886739635e-01
2.175999999999999801e+01,5.807938010578586607e-02
2.178000000000000114e+01,7.803428613236905453e-02
2.180000000000000071e+01,5.222625073520013178e-02
2.182000000000000028e+01,1.241534028766367176e-01
2.183999999999999986e+01,9.798788710208373998e-03
2.185999999999999943e+01,-6.510471249073740245e-04
2.188000000000000256e+01,1.150282856715248159e-01
2.189999999999999858e+01,1.440859604374208625e-01
2.192000000000000171e+01,1.186293027057778449e-01
2.193999999999999773e+01,7.289342543324069112e-02
2.196000000000000085e+01,2.098260420927854364e-01
2.198000000000000043e+01,1.845280000535572673e-01
2.200000000000000000e+01,1.187190785664631321e-01
2.201999999999999957e+01,9.017309179479369996e-02
2.203999999999999915e+01,1.055236562719420734e-01
2.206000000000000227e+01,-7.271523171217891823e-02
2.207999999999999829e+01,2.888205339071828193e-01
2.210000000000000142e+01,1.127391277913891710e-01
2.212000000000000099e+01,8.574234363956270699e-02
2.214000000000000057e+01,9.412924982037632060e-02
2.216000000000000014e+01,1.257282176633039150e-01
2.217999999999999972e+01,2.883077532966004108e-01
2.220000000000000284e+01,1.787419368622759075e-01
2.221999999999999886e+01,1.596152020134677940e-01
2.224000000000000199e+01,1.540093476428401331e-01
2.225999999999999801e+01,3.622057099861242802e-01
2.228000000000000114e+01,6.114545325163824041e-02
2.230000000000000071e+01,-5.511220441260748087e-02
2.232000000000000028e+01,-5.152966288147516061e-02
2.233999999999999986e+01,2.011665947284482225e-01
2.235999999999999943e+01,-2.018156200050770233e-01
2.238000000000000256e+01,1.505806044851200620e-01
2.239999999999999858e+01,-1.269578164244567764e-01
2.242000000000000171e+01,7.469069830057177561e-02
2.243999999999999773e+01,1.436627524444009374e-01
2.246000000000000085e+01,8.449558921568860181e-02
2.248000000000000043e+01,-5.726722616400786031e-02
2.250000000000000000e+01,-2.176894062138874306e-02
2.251999999999999957e+01,1.408901876803199116e-01
2.253999999999999915e+01,8.680893995506563932e-02
2.256000000000000227e+01,2.587172295268952982e-01
2.257999999999999829e+01,1.345174089080871938e-01
2.260000000000000142e+01,4.834884886309522012e-02
2.262000000000000099e+01,-2.585144345802813104e-02
2.264000000000000057e+01,1.511421123917101698e-02
2.266000000000000014e+01,6.148714311840836749e-02
2.267999999999999972e+01,2.862610878140556606e-02
2.270000000000000284e+01,1.056358587756199008e-01
2.271999999999999886e+01,-3.847390243875896485e-03
2.274000000000000199e+01,1.663541268960482822e-01
2.275999999999999801e+01,2.235073415584529766e-01
2.278000000000000114e+01,7.794489590201239548e-02
2.280000000000000071e+01,9.848207385420376658e-02
2.282000000000000028e+01,1.069114017024610092e-01
2.283999999999999986e+01,9.815955618575525343e-02
2.285999999999999943e+01,1.453028930883454826e-02
2.288000000000000256e+01,1.420004543871652702e-01
2.289999999999999858e+01,-1.464253634202083709e-01
2.292000000000000171e+01,1.270668905265333604e-01
2.293999999999999773e+01,-1.204472891338385920e-01
2.296000000000000085e+01,-7.026223330697931035e-02
2.298000000000000043e+01,2.475788356072220753e-01
2.300000000000000000e+01,4.032725079129850093e-02
2.301999999999999957e+01,7.522361631643489921e-02
2.303999999999999915e+01,3.839804804252083814e-02
2.306000000000000227e+01,8.951378656088443408e-02
2.307999999999999829e+01,1.837991839285514906e-01
2.310000000000000142e+01,2.602282068090509548e-01
2.312000000000000099e+01,4.361309330421965502e-02
2.314000000000000057e+01,-1.464219798218086566e-01
2.316000000000000014e+01,9.056737753323990461e-03
2.317999999999999972e+01,7.214796299941025892e-02
2.320000000000000284e+01,3.405905278800354097e-01
2.321999999999999886e+01,1.787917776703545902e-01
2.324000000000000199e+01,3.507387679116809320e-02
2.325999999999999801e+01,1.035861418935196121e-01
2.328000000000000114e+01,1.007773056555060498e-01
2.330000000000000071e+01,3.652845583376798100e-01
2.332000000000000028e+01,6.796897430881448932e-02
2.333999999999999986e+01,-4.812956929260566591e-02
2.335999999999999943e+01,1.148216583022113463e-01
2.338000000000000256e+01,4.450662416414500472e-02
2.339999999999999858e+01,5.971691774840564432e-02
2.342000000000000171e+01,6.050827256345495987e-03
2.343999999999999773e+01,3.272182282923837005e-02
2.346000000000000085e+01,2.461975232865397725e-02
2.348000000000000043e+01,3.034194953827161131e-02
2.350000000000000000e+01,8.669112299415319967e-02
2.351999999999999957e+01,7.589012145242972351e-02
2.353999999999999915e+01,1.840905119800828604e-01
2.356000000000000227e+01,1.808422265942618568e-01
2.357999999999999829e+01,1.198889598712056942e-01
2.360000000000000142e+01,2.195341556219213008e-01
2.362000000000000099e+01,9.446516131993334953e-02
2.364000000000000057e+01,-2.144772824699319250e-02
2.366000000000000014e+01,1.780152331705002478e-01
2.367999999999999972e+01,-1.995796476687044033e-02
2.370000000000000284e+01,4.442184248323650941e-02
2.371999999999999886e+01,1.377764056435187567e-01
2.374000000000000199e+01,3.462270537663867387e-01
2.375999999999999801e+01,2.001030317087657828e-01
2.378000000000000114e+01,1.929521533645969789e-01
2.380000000000000071e+01,2.956775456313400219e-01
2.382000000000000028e+01,1.633768868698733667e-01
2.383999999999999986e+01,-2.081605689819982646e-02
2.385999999999999943e+01,2.093380433044665367e-01
2.388000000000000256e+01,7.628907776258685158e-02
2.389999999999999858e+01,2.635105734725093352e-01
2.392000000000000171e+01,2.428000926984672236e-01
2.393999999999999773e+01,3.459727707511742190e-01
2.396000000000000085e+01,2.515357932612782288e-01
2.398000000000000043e+01,2.302827497372019749e-01
2.400000000000000000e+01,3.022722114931653548e-01
2.401999999999999957e+01,4.234504559802416135e-01
2.403999999999999915e+01,4.540369546670356415e-01
2.406000000000000227e+01,5.350273982808273487e-01
2.407999999999999829e+01,7.484504504883005005e-01
2.410000000000000142e+01,9.138946474704869871e-01
2.412000000000000099e+01,1.149355541850688001e+00
2.414000000000000057e+01,2.916691495803966028e+00
2.416000000000000014e+01,8.299958962155566056e+00
2.417999999999999972e+01,1.894967599268738567e+01
2.420000000000000284e+01,2.815447830381343053e+01
2.421999999999999886e+01,2.371454195686910182e+01
2.424000000000000199e+01,1.231079311405679988e+01
2.425999999999999801e+01,4.840901797873259582e+00
2.428000000000000114e+01,2.041643663012032484e+00
2.430000000000000071e+01,1.087448603079679721e+00
2.432000000000000028e+01,7.205367470777241934e-01
2.433999999999999986e+01,5.895250491784922442e-01
2.435999999999999943e+01,5.094578534346336784e-01
2.438000000000000256e+01,3.729533362039197941e-01
2.439999999999999858e+01,2.734294701677322803e-01
2.442000000000000171e+01,2.891707100942316200e-01
2.443999999999999773e+01,2.370752945433142744e-01
2.446000000000000085e+01,2.421402432685372252e-01
2.448000000000000043e+01,4.617994697349976363e-01
2.450000000000000000e+01,3.435715245276887431e-01
2.451999999999999957e+01,2.229547539169621784e-01
2.453999999999999915e+01,-1.525195604375911840e-01
2.456000000000000227e+01,7.020746070320976751e-02
2.457999999999999829e+01,3.380017295583553905e-01
2.460000000000000142e+01,2.893861718649896608e-01
2.462000000000000099e+01,3.635311529476082937e-01
2.464000000000000057e+01,4.935407901666842845e-01
2.466000000000000014e+01,2.667716920083356702e-01
2.467999999999999972e+01,3.504654293682877286e-01
2.470000000000000284e+01,8.947911691969903103e-01
2.471999999999999886e+01,1.676989674224067084e+00
2.474000000000000199e+01,3.051317342569733082e+00
2.475999999999999801e+01,8.498043681362132062e+00
2.478000000000000114e+01,1.394173824678565055e+01
2.480000000000000071e+01,1.550299605149791304e+01
2.482000000000000028e+01,9.745027337280214752e+00
2.483999999999999986e+01,4.074867660337896602e+00
2.485999999999999943e+01,1.817675532674979388e+00
2.488000000000000256e+01,5.735444113938366062e-01
2.489999999999999858e+01,8.061478658320395674e-01
2.492000000000000171e+01,4.424758698990055028e-01
2.493999999999999773e+01,5.373606324017348168e-01
2.496000000000000085e+01,1.819426902453976369e-01
2.498000000000000043e+01,3.700384072510126132e-01
2.500000000000000000e+01,2.787714455033462602e-01
2.501999999999999957e+01,9.642022894090795937e-02
2.503999999999999915e+01,1.576787131623195171e-01
2.506000000000000227e+01,1.522351362146282805e-01
2.507999999999999829e+01,2.935444315016432770e-01
2.510000000000000142e+01,2.371356527097029931e-01
2.512000000000000099e+01,2.100780001953130860e-01
2.514000000000000057e+01,4.662703215239575316e-01
2.516000000000000014e+01,2.575067852556027215e-01
2.517999999999999972e+01,-2.016099394668481246e-02
2.520000000000000284e+01,3.615655343732493421e-02
2.521999999999999886e+01,1.866398489072448041e-01
2.524000000000000199e+01,4.247113642385193927e-02
2.525999999999999801e+01,1.105689032935162353e-01
2.528000000000000114e+01,2.721906710936902174e-01
2.530000000000000071e+01,2.743888796242480721e-01
2.532000000000000028e+01,4.102848130836518614e-02
2.533999999999999986e+01,3.097767030996138593e-01
2.535999999999999943e+01,5.898983466345608662e-02
2.538000000000000256e+01,-5.217215652196807024e-02
2.539999999999999858e+01,2.246616708689185005e-01
2.542000000000000171e+01,3.357036910100987676e-02
2.543999999999999773e+01,3.097780144581949169e-01
2.546000000000000085e+01,2.940529654278442595e-01
2.548000000000000043e+01,1.130933069447076778e-01
2.550000000000000000e+01,1.444642901139328306e-01
2.551999999999999957e+01,2.344335667329380812e-01
2.553999999999999915e+01,5.755012998195964402e-02
2.556000000000000227e+01,4.857166636319384945e-02
2.557999999999999829e+01,1.694719058095492392e-01
2.560000000000000142e+01,1.427720012513414849e-01
2.562000000000000099e+01,1.820725584425885168e-01
2.564000000000000057e+01,1.290167983301992727e-01
2.566000000000000014e+01,1.505076920394363138e-01
2.567999999999999972e+01,8.768652994446361759e-02
2.570000000000000284e+01,-6.986468652214123005e-03
2.571999999999999886e+01,1.619226644727626563e-01
2.574000000000000199e+01,8.015777740701855725e-02
2.575999999999999801e+01,9.994283438029913369e-02
2.578000000000000114e+01,2.132862291174821290e-01
2.580000000000000071e+01,2.695344836945954420e-02
2.582000000000000028e+01,5.205015961917056067e-02
2.583999999999999986e+01,2.150861329744159500e-01
2.585999999999999943e+01,1.563222126699373160e-01
2.588000000000000256e+01,2.676239527423445730e-01
2.589999999999999858e+01,1.097056101538723266e-01
2.592000000000000171e+01,9.153335567640942527e-02
2.593999999999999773e+01,1.403834054987365132e-01
2.596000000000000085e+01,2.037196689442219155e-01
2.598000000000000043e+01,3.862184806650948571e-02
2.600000000000000000e+01,2.294383484195157696e-01
2.601999999999999957e+01,-7.160199259817192838e-03
2.603999999999999915e+01,8.775572424067826227e-02
2.605999999999999872e+01,9.209804499400554845e-02
2.608000000000000185e+01,1.506842225397242441e-01
2.610000000000000142e+01,9.733893581795180494e-02
2.612000000000000099e+01,2.068939459511997536e-01
2.614000000000000057e+01,2.212308781908075284e-01
2.616000000000000014e+01,-2.300708992297921182e-02
2.617999999999999972e+01,1.940436239182168621e-01
2.619999999999999929e+01,2.770914105377973030e-03
2.621999999999999886e+01,1.738803964251693646e-01
2.624000000000000199e+01,3.781531906590950287e-01
2.626000000000000156e+01,2.433441336505784702e-01
2.628000000000000114e+01,2.268602222461985340e-01
2.630000000000000071e+01,-2.277348905256896747e-02
2.632000000000000028e+01,3.846564001015036899e-02
2.633999999999999986e+01,6.168343944888296515e-02
2.635999999999999943e+01,1.767493029078143207e-01
2.637999999999999901e+01,-1.308129511196912675e-01
2.639999999999999858e+01,6.290075817194332175e-02
2.642000000000000171e+01,1.816096696395894106e-01
2.644000000000000128e+01,8.606542077855759698e-02
2.646000000000000085e+01,2.839361987886527272e-01
2.648000000000000043e+01,2.964839036917734649e-01
2.650000000000000000e+01,1.829330804103626307e-01
2.651999999999999957e+01,1.477852736440176951e-01
2.653999999999999915e+01,9.441485045028082113e-02
2.655999999999999872e+01,1.537302823994566026e-01
2.658000000000000185e+01,2.238275274644698221e-01
2.660000000000000142e+01,2.307510044948114791e-01
2.662000000000000099e+01,-7.103813656885608896e-02
2.664000000000000057e+01,1.331817897190361311e-01
2.666000000000000014e+01,2.341583862577884811e-01
2.667999999999999972e+01,1.495434868908714077e-01
2.669999999999999929e+01,1.783256822789346802e-02
2.671999999999999886e+01,3.526736969653360698e-01
2.674000000000000199e+01,8.759220569801999534e-02
2.676000000000000156e+01,1.372051439819894358e-01
2.678000000000000114e+01,2.173147842070189129e-01
2.680000000000000071e+01,1.229013619673600399e-01
2.682000000000000028e+01,5.426457084522513102e-02
2.683999999999999986e+01,1.089433704322327751e-01
2.685999999999999943e+01,5.715314426449850244e-02
2.687999999999999901e+01,1.361826125101714691e-01
2.689999999999999858e+01,2.969952208100883340e-01
2.692000000000000171e+01,3.255590182886224371e-01
2.694000000000000128e+01,5.212868809380240276e-02
2.696000000000000085e+01,-9.360895569006617845e-02
2.698000000000000043e+01,1.356707421947691006e-01
2.700000000000000000e+01,-1.192831709596997233e-02
2.701999999999999957e+01,3.793636203564425963e-02
2.703999999999999915e+01,7.222489208322195597e-02
2.705999999999999872e+01,1.633584571277608144e-01
2.708000000000000185e+01,7.767665528235706551e-02
2.710000000000000142e+01,2.579064297282195398e-02
2.712000000000000099e+01,1.938852797878611312e-01
2.714000000000000057e+01,1.204960288505602974e-02
2.716000000000000014e+01,-5.014637223194143290e-02
2.717999999999999972e+01,1.685523924631121551e-01
2.719999999999999929e+01,9.245649931652520637e-02
2.721999999999999886e+01,7.023228438407408403e-02
2.724000000000000199e+01,7.887924858315423227e-02
2.726000000000000156e+01,6.276582943430041028e-02
2.728000000000000114e+01,1.255077066965624155e-01
2.730000000000000071e+01,-2.910104907998640328e-02
2.732000000000000028e+01,3.523399637029749065e-02
2.733999999999999986e+01,5.628688481769417856e-02
2.735999999999999943e+01,-3.266523333070874696e-02
2.737999999999999901e+01,-2.856134309928462858e-02
2.740000000000000213e+01,1.572318171536581655e-01
2.742000000000000171e+01,7.495489182600381661e-02
2.744000000000000128e+01,1.482108119754164677e-01
2.746000000000000085e+01,6.368649647923864399e-03
2.748000000000000043e+01,1.525962603563820741e-01
2.750000000000000000e+01,1.040194956243774005e-01
2.751999999999999957e+01,5.506405836228218942e-02
2.753999999999999915e+01,1.638294825635603913e-01
2.755999999999999872e+01,9.236337754003168254e-02
2.758000000000000185e+01,1.588014286332652680e-01
2.760000000000000142e+01,-1.489156529229997694e-01
2.762000000000000099e+01,1.317567443066863520e-01
2.764000000000000057e+01,8.371969823128919130e-02
2.766000000000000014e+01,-3.489001973225082376e-02
2.767999999999999972e+01,1.487520579029243950e-01
2.769999999999999929e+01,2.251191530740263014e-01
2.771999999999999886e+01,1.413841353114517196e-01
2.774000000000000199e+01,1.838042172001764507e-01
2.776000000000000156e+01,-2.422662577273055340e-01
2.778000000000000114e+01,1.228203147739373030e-01
2.780000000000000071e+01,2.273243428157643853e-01
2.782000000000000028e+01,1.433211761439530940e-01
2.783999999999999986e+01,1.705155066654459317e-01
2.785999999999999943e+01,-3.976684603502011334e-02
2.787999999999999901e+01,2.334276132793231540e-01
2.790000000000000213e+01,1.322858792224642088e-01
2.792000000000000171e+01,9.886123214853882735e-02
2.794000000000000128e+01,1.056653358595809195e-01
2.796000000000000085e+01,1.204668269524392654e-01
2.798000000000000043e+01,9.911208571513717772e-03
2.800000000000000000e+01,-2.890728505380901758e-01
2.801999999999999957e+01,1.068920499360706960e-01
2.803999999999999915e+01,8.918110494107656105e-02
2.805999999999999872e+01,4.578924954423920640e-02
2.808000000000000185e+01,1.526840984447749294e-01
2.810000000000000142e+01,1.882892924286254099e-01
2.812000000000000099e+01,-1.356652777379653840e-01
2.814000000000000057e+01,6.796553592807604016e-02
2.816000000000000014e+01,1.548141873526247825e-01
2.817999999999999972e+01,2.492171933973956477e-01
2.819999999999999929e+01,2.781782997854222450e-01
2.821999999999999886e+01,7.653976306872737334e-01
2.824000000000000199e+01,1.711082084836500261e+00
2.826000000000000156e+01,1.532275569865390263e+00
2.828000000000000114e+01,1.183710565399484604e+00
2.830000000000000071e+01,2.340771037378798491e-01
2.832000000000000028e+01,3.703996923306797084e-01
2.833999999999999986e+01,2.120458923300130305e-01
2.835999999999999943e+01,2.096130385267220286e-01
2.837999999999999901e+01,3.547710676569007515e-01
2.840000000000000213e+01,1.823379875481058732e-01
2.842000000000000171e+01,1.040860919174394633e-01
2.844000000000000128e+01,8.748225110790117109e-02
2.846000000000000085e+01,1.373199149951672138e-01
2.848000000000000043e+01,1.615400005195562552e-02
2.850000000000000000e+01,4.066146815088745314e-01
2.851999999999999957e+01,-8.811667350075448255e-03
2.853999999999999915e+01,2.038377917843756382e-01
2.855999999999999872e+01,1.325248731613273001e-01
2.858000000000000185e+01,1.435456928322445813e-01
2.860000000000000142e+01,2.068643023601569597e-01
2.862000000000000099e+01,-1.061554716478332536e-02
2.864000000000000057e+01,1.265460744918918690e-01
2.866000000000000014e+01,2.092120534766433171e-01
2.867999999999999972e+01,1.467464387597134934e-01
2.869999999999999929e+01,3.418352689586917625e-01
2.871999999999999886e+01,3.695079393965438608e-01
2.874000000000000199e+01,5.790442632381220811e-02
2.876000000000000156e+01,3.215186230562005476e-01
2.878000000000000114e+01,2.036985717596854484e-01
2.880000000000000071e+01,5.174492130573441623e-02
2.882000000000000028e+01,4.246878110520598826e-01
2.883999999999999986e+01,4.453396395772002969e-01
2.885999999999999943e+01,4.134720874271881064e-01
2.887999999999999901e+01,1.922347508462692645e+00
2.890000000000000213e+01,3.799607031060299622e+00
2.892000000000000171e+01,6.231260154760660086e+00
2.894000000000000128e+01,6.778493135864954944e+00
2.896000000000000085e+01,4.319814816812187708e+00
2.898000000000000043e+01,1.382200549328820527e+00
2.900000000000000000e+01,6.352923672403570921e-01
2.901999999999999957e+01,4.102171468815005717e-01
2.903999999999999915e+01,4.820302741500765431e-01
2.905999999999999872e+01,1.827060427903383355e-01
2.908000000000000185e+01,3.396992886311650528e-02
2.910000000000000142e+01,1.921188774508613972e-01
2.912000000000000099e+01,1.389681243582940318e-01
2.914000000000000057e+01,5.181391965692547230e-02
2.916000000000000014e+01,1.491667712744266239e-01
2.917999999999999972e+01,3.556107450185826829e-02
2.919999999999999929e+01,2.118410006979969396e-01
2.921999999999999886e+01,-1.560642599671363019e-02
2.924000000000000199e+01,1.269589866209941964e-01
2.926000000000000156e+01,1.900117051914320399e-01
2.928000000000000114e+01,1.868494373119922725e-01
2.930000000000000071e+01,3.974277743398699214e-01
2.932000000000000028e+01,1.349098250784412090e-01
2.933999999999999986e+01,4.151275812269612092e-02
2.935999999999999943e+01,3.936405510403951508e-02
2.937999999999999901e+01,7.344575368719526154e-02
2.940000000000000213e+01,4.350186898491768123e-02
2.942000000000000171e+01,1.560989607066335383e-01
2.944000000000000128e+01,2.167034440942360307e-01
2.946000000000000085e+01,2.917642470538219235e-01
2.948000000000000043e+01,-5.922785430388028023e-03
2.950000000000000000e+01,1.470362204558407215e-01
2.951999999999999957e+01,6.367727704067066563e-02
2.953999999999999915e+01,1.716403978142543030e-01
2.955999999999999872e+01,1.940869823009495343e-01
2.958000000000000185e+01,-9.344740063459476553e-02
2.960000000000000142e+01,9.421231081231040694e-02
2.962000000000000099e+01,1.576248438735535495e-01
2.964000000000000057e+01,2.358293090192988828e-01
2.966000000000000014e+01,1.939781111141442860e-01
2.967999999999999972e+01,3.672751958306213482e-01
2.969999999999999929e+01,1.940921998476750343e-01
2.971999999999999886e+01,-8.800961128323807683e-03
2.974000000000000199e+01,1.337009191323506319e-01
2.976000000000000156e+01,2.208392655294841023e-01
2.978000000000000114e+01,2.377715706831592668e-01
2.980000000000000071e+01,3.729759355560477996e-01
2.982000000000000028e+01,-5.856672837396789677e-02
2.983999999999999986e+01,7.550351282910709033e-03
2.985999999999999943e+01,1.678694784147371499e-01
2.987999999999999901e+01,8.020291657928257933e-02
2.990000000000000213e+01,3.032009948172948235e-02
2.992000000000000171e+01,2.398779817097601019e-01
2.994000000000000128e+01,-3.165290146061075505e-02
2.996000000000000085e+01,1.354677696133176623e-01
2.998000000000000043e+01,8.219621103765520354e-02
3.000000000000000000e+01,6.068428446891552253e-02
3.001999999999999957e+01,2.687663050729229286e-01
3.003999999999999915e+01,1.706363592465427736e-01
3.005999999999999872e+01,1.671263200003714477e-01
3.008000000000000185e+01,2.749225936047504093e-01
3.010000000000000142e+01,1.171668098742325997e-01
3.012000000000000099e+01,1.938360064748539946e-01
3.014000000000000057e+01,2.214334587521334195e-03
3.016000000000000014e+01,2.041469513100918343e-01
3.017999999999999972e+01,3.593692942511922395e-01
3.019999999999999929e+01,-1.855146130126495915e-02
3.021999999999999886e+01,2.082841933636671583e-01
3.024000000000000199e+01,7.421743672668026925e-02
3.026000000000000156e+01,1.375988927239631676e-01
3.028000000000000114e+01,-6.729416683233942209e-02
3.030000000000000071e+01,7.022936911259530790e-02
3.032000000000000028e+01,1.321200572016152652e-01
3.033999999999999986e+01,-3.275587660876557849e-03
3.035999999999999943e+01,1.159033880478202300e-01
3.037999999999999901e+01,1.175516149658474563e-01
3.040000000000000213e+01,2.261584150922513192e-01
3.042000000000000171e+01,2.709220893835828092e-01
3.044000000000000128e+01,7.438311351779297587e-02
3.046000000000000085e+01,1.335623494102925468e-01
3.048000000000000043e+01,1.797375477208829758e-02
3.050000000000000000e+01,1.404903934912422048e-01
3.051999999999999957e+01,1.565962769051496006e-01
3.053999999999999915e+01,3.067957980441723270e-02
3.055999999999999872e+01,2.993415162075066527e-01
3.058000000000000185e+01,-4.409125767598149476e-02
3.060000000000000142e+01,4.149824167503509548e-02
3.062000000000000099e+01,3.175892086700643491e-01
3.064000000000000057e+01,4.473068299404146519e-01
3.066000000000000014e+01,3.431221038167975856e-01
3.067999999999999972e+01,2.535184886108466928e-01
3.069999999999999929e+01,3.436910630270044731e-01
3.071999999999999886e+01,2.432988100736701298e-01
3.074000000000000199e+01,4.940098141786801733e-01
3.076000000000000156e+01,5.731629569749676634e-01
3.078000000000000114e+01,5.950315732512453382e-01
3.080000000000000071e+01,5.721666789582687818e-01
3.082000000000000028e+01,7.654363416260628883e-01
3.083999999999999986e+01,4.598672378687665430e-01
3.085999999999999943e+01,8.144053212636330752e-01
3.087999999999999901e+01,8.674049737167504048e-01
3.090000000000000213e+01,1.486332673860691012e+00
3.092000000000000171e+01,1.759431991701897235e+00
3.094000000000000128e+01,1.929542190116538158e+00
3.096000000000000085e+01,3.140426693707398798e+00
3.098000000000000043e+01,8.027819019141805512e+00
3.100000000000000000e+01,1.865515188983270889e+01
3.101999999999999957e+01,4.172897786969777201e+01
3.103999999999999915e+01,5.844601648601511812e+01
3.105999999999999872e+01,4.715693494944893871e+01
3.108000000000000185e+01,2.466625702200326486e+01
3.110000000000000142e+01,9.872311931443162436e+00
3.112000000000000099e+01,4.466400699628001014e+00
3.114000000000000057e+01,2.358270320298365696e+00
3.116000000000000014e+01,1.757543995597949493e+00
3.117999999999999972e+01,1.146490336555384681e+00
3.119999999999999929e+01,1.038440688710148940e+00
3.121999999999999886e+01,8.284307266229751221e-01
3.124000000000000199e+01,6.821381398544417163e-01
3.126000000000000156e+01,7.414268031090842648e-01
3.128000000000000114e+01,4.279494259104041354e-01
3.130000000000000071e+01,4.235214824200584927e-01
3.132000000000000028e+01,3.555334248208120718e-01
3.133999999999999986e+01,3.626701457146833119e-01
3.135999999999999943e+01,3.758394265650071286e-01
3.137999999999999901e+01,3.667834723373511463e-01
3.140000000000000213e+01,4.554326623391029005e-01
3.142000000000000171e+01,4.601038084065669498e-01
3.144000000000000128e+01,2.441311020312035840e-01
3.146000000000000085e+01,2.796457709800951874e-01
3.148000000000000043e+01,3.487248922548366603e-01
3.150000000000000000e+01,2.294528507069387158e-01
3.151999999999999957e+01,3.801332401911303172e-01
3.153999999999999915e+01,2.252571244890082258e-01
3.155999999999999872e+01,1.542911412511291658e-01
3.158000000000000185e+01,2.672599598200232074e-01
3.160000000000000142e+01,4.306822867853956072e-01
3.162000000000000099e+01,3.762833763923750796e-01
3.164000000000000057e+01,2.137767551049022940e-01
3.166000000000000014e+01,1.652821963756486157e-01
3.167999999999999972e+01,2.098292129671512629e-01
3.169999999999999929e+01,2.098467917756792200e-01
3.171999999999999886e+01,3.205978895156398889e-01
3.174000000000000199e+01,1.771958577395109646e-01
3.176000000000000156e+01,2.868221418831315428e-01
3.178000000000000114e+01,3.113730341988462103e-01
3.180000000000000071e+01,5.434092359124356175e-01
3.182000000000000028e+01,4.695000561689687268e-01
3.183999999999999986e+01,3.157700964433002855e-01
3.185999999999999943e+01,2.556854582626001959e-01
3.187999999999999901e+01,4.118773534946901793e-01
3.190000000000000213e+01,4.362789189339760787e-01
3.192000000000000171e+01,6.513978006632467066e-01
3.194000000000000128e+01,4.506886091875063616e-01
3.196000000000000085e+01,5.835479313146794134e-01
3.198000000000000043e+01,3.161731104241676804e-01
3.200000000000000000e+01,6.463060044689173944e-01
3.201999999999999602e+01,5.571805753591930754e-01
3.203999999999999915e+01,7.367796342712710223e-01
3.206000000000000227e+01,8.954205928172472850e-01
3.207999999999999829e+01,1.062552516614726494e+00
3.210000000000000142e+01,1.154145761367536993e+00
3.212000000000000455e+01,1.358825023266823084e+00
3.214000000000000057e+01,1.737172412975997782e+00
3.215999999999999659e+01,2.160242610269212271e+00
3.217999999999999972e+01,2.678747320848082758e+00
3.220000000000000284e+01,3.981656452914180022e+00
3.221999999999999886e+01,8.364077118178865788e+00
3.224000000000000199e+01,1.972571149683341574e+01
3.226000000000000512e+01,4.090550144805014554e+01
3.228000000000000114e+01,5.779967937622242147e+01
3.229999999999999716e+01,4.699420374694621927e+01
3.232000000000000028e+01,2.589985962303466493e+01
3.234000000000000341e+01,1.219346559416541176e+01
3.235999999999999943e+01,1.180964881479257578e+01
3.237999999999999545e+01,2.310077789482587818e+01
3.240000000000000568e+01,5.037146834021720565e+01
3.242000000000000171e+01,8.964316985014502848e+01
3.243999999999999773e+01,1.000000000000000000e+02
3.246000000000000085e+01,6.415633309255458983e+01
3.248000000000000398e+01,2.981303973001990215e+01
3.250000000000000000e+01,1.115031234522591852e+01
3.251999999999999602e+01,5.327337878233899815e+00
3.253999999999999915e+01,3.803396392039192442e+00
3.256000000000000227e+01,2.686295117606846361e+00
3.257999999999999829e+01,2.281397606323205984e+00
3.260000000000000142e+01,1.986230974434220808e+00
3.262000000000000455e+01,1.775961190678847279e+00
3.264000000000000057e+01,1.346870588144429837e+00
3.265999999999999659e+01,1.024766956630590142e+00
3.267999999999999972e+01,8.455229123393385171e-01
3.270000000000000284e+01,5.714006849943422672e-01
3.271999999999999886e+01,7.571223287743724661e-01
3.274000000000000199e+01,7.496723865936574249e-01
3.276000000000000512e+01,3.944187742800483454e-01
3.278000000000000114e+01,4.678960782616817804e-01
3.279999999999999716e+01,4.594599292339616725e-01
3.282000000000000028e+01,4.907743602679145445e-01
3.284000000000000341e+01,1.554001496635258883e-01
3.285999999999999943e+01,3.360615349289168829e-01
3.287999999999999545e+01,4.338104824573776330e-01
3.290000000000000568e+01,4.945768985162022902e-01
3.292000000000000171e+01,4.584072569936022412e-01
3.293999999999999773e+01,1.827085501634346520e-01
3.296000000000000085e+01,1.424757580690456660e-01
3.298000000000000398e+01,4.287630088411453211e-01
3.300000000000000000e+01,2.650524649353341866e-01
3.301999999999999602e+01,3.261839355674009955e-01
3.303999999999999915e+01,2.158331563953829746e-01
3.306000000000000227e+01,2.267746207762125488e-01
3.307999999999999829e+01,5.005454133412121642e-01
3.310000000000000142e+01,1.820671833597868328e-01
3.312000000000000455e+01,2.686559713601370802e-01
3.314000000000000057e+01,2.012726723148589858e-01
3.315999999999999659e+01,4.358939068210338497e-01
3.317999999999999972e+01,2.235032348117953482e-01
3.320000000000000284e+01,1.317312507065281080e-01
3.321999999999999886e+01,2.701296135882451099e-01
3.324000000000000199e+01,1.339514724639745968e-01
3.326000000000000512e+01,3.901270567519407040e-01
3.328000000000000114e+01,2.956366383009305654e-01
3.329999999999999716e+01,-8.681305123640306598e-02
3.332000000000000028e+01,1.547914487612751799e-01
3.334000000000000341e+01,1.488480246801523466e-01
3.335999999999999943e+01,1.766605272870835908e-01
3.337999999999999545e+01,1.197792893643579576e-01
3.340000000000000568e+01,1.109840091545361146e-01
3.342000000000000171e+01,5.861071411694561417e-02
3.343999999999999773e+01,1.990881435217797535e-01
3.346000000000000085e+01,6.442160721277048752e-02
3.348000000000000398e+01,2.337641053889455145e-01
3.350000000000000000e+01,1.718790861230941880e-01
3.351999999999999602e+01,2.069758448285278774e-01
3.353999999999999915e+01,-9.278405482658572123e-02
3.356000000000000227e+01,2.077622545362117767e-01
3.357999999999999829e+01,3.358129500523449051e-01
3.360000000000000142e+01,1.485637821805897152e-01
3.362000000000000455e+01,2.363688813674316713e-01
3.364000000000000057e+01,1.543927267240024770e-01
3.365999999999999659e+01,1.766399588520684016e-01
3.367999999999999972e+01,1.136326560826516133e-02
3.370000000000000284e+01,1.005901551449315673e-01
3.371999999999999886e+01,1.360803337632218724e-01
3.374000000000000199e+01,1.917938448597052703e-01
3.376000000000000512e+01,9.810123380816727912e-02
3.378000000000000114e+01,1.371169085416069355e-01
3.379999999999999716e+01,5.046149253983046867e-02
3.382000000000000028e+01,2.187626712778244775e-01
3.384000000000000341e+01,1.239461749981350808e-01
3.385999999999999943e+01,3.208171004656565350e-01
3.387999999999999545e+01,3.552645229366299673e-01
3.390000000000000568e+01,3.062322401110083581e-01
3.392000000000000171e+01,1.903229159226950684e-01
3.393999999999999773e+01,1.912068238863618708e-01
3.396000000000000085e+01,-6.890056155786224157e-02
3.398000000000000398e+01,1.813136357066167520e-02
3.400000000000000000e+01,9.583751951472675723e-02
3.401999999999999602e+01,-6.630544047551970022e-02
3.403999999999999915e+01,6.245966443974453053e-02
3.406000000000000227e+01,1.674263113311270368e-01
3.407999999999999829e+01,-9.944082274705538793e-02
3.410000000000000142e+01,2.529913619508401129e-02
3.412000000000000455e+01,7.906457724260886055e-02
3.414000000000000057e+01,8.639037151177562934e-02
3.415999999999999659e+01,1.816604774670172173e-01
3.417999999999999972e+01,1.194350004690881706e-01
3.420000000000000284e+01,3.069531141248583658e-02
3.421999999999999886e+01,1.402351258896985531e-01
3.424000000000000199e+01,3.474609461690125189e-01
3.426000000000000512e+01,1.467792599730806738e-02
3.428000000000000114e+01,1.467006213632348344e-01
3.429999999999999716e+01,1.210323033613543292e-01
3.432000000000000028e+01,-5.739790457622770403e-02
3.434000000000000341e+01,1.209518766294614689e-01
3.435999999999999943e+01,-8.946173683359823214e-02
3.437999999999999545e+01,1.479450216004148388e-01
3.440000000000000568e+01,-8.098595987390645734e-02
3.442000000000000171e+01,-2.212691654918949591e-02
3.443999999999999773e+01,3.827794756520132291e-02
3.446000000000000085e+01,3.437803270155676549e-01
3.448000000000000398e+01,1.138580706376385449e-01
3.450000000000000000e+01,1.604240092860660383e-01
3.451999999999999602e+01,-3.538098469788832079e-02
3.453999999999999915e+01,1.239558139998277325e-01
3.456000000000000227e+01,3.307812934067396182e-01
3.457999999999999829e+01,7.331694508306695057e-02
3.460000000000000142e+01,2.495434132106552072e-01
3.462000000000000455e+01,2.438280102059845189e-01
3.464000000000000057e+01,2.765897106012648043e-01
3.465999999999999659e+01,-1.081862028586006719e-01
3.467999999999999972e+01,-1.209174981751342734e-02
3.470000000000000284e+01,1.777073520544169838e-01
3.471999999999999886e+01,2.004268408986407679e-01
3.474000000000000199e+01,5.734110681374903623e-02
3.476000000000000512e+01,9.530928887349020273e-02
3.478000000000000114e+01,1.239193378518123334e-01
3.479999999999999716e+01,3.636405210444322578e-02
3.482000000000000028e+01,1.201710310072306304e-01
3.484000000000000341e+01,2.902424338189658615e-01
3.485999999999999943e+01,-2.756466406822921655e-02
3.487999999999999545e+01,1.828076574823015443e-01
3.490000000000000568e+01,1.559191337941502609e-01
3.492000000000000171e+01,2.631013252011309145e-02
3.493999999999999773e+01,2.432180595541939550e-01
3.496000000000000085e+01,2.824392306266100827e-01
3.498000000000000398e+01,-4.179510393674394295e-03
3.500000000000000000e+01,1.121883352633677444e-01
3.501999999999999602e+01,1.273594226503199367e-01
3.503999999999999915e+01,2.820990126591249036e-01
3.506000000000000227e+01,-7.756176133983064269e-02
3.507999999999999829e+01,1.353441753892754007e-01
3.510000000000000142e+01,2.011390835501018770e-01
3.512000000000000455e+01,7.438508944834082426e-02
3.514000000000000057e+01,8.596774366438714177e-02
3.515999999999999659e+01,1.811243779156870570e-01
3.517999999999999972e+01,-2.821315049297164548e-02
3.520000000000000284e+01,6.157667423710466020e-02
3.521999999999999886e+01,1.467480376159963074e-01
3.524000000000000199e+01,-1.026049316426819041e-01
3.526000000000000512e+01,5.189799055066905697e-02
3.528000000000000114e+01,8.489971601874089779e-02
3.529999999999999716e+01,1.362277669774972222e-01
3.532000000000000028e+01,5.865859828576166363e-02
3.534000000000000341e+01,1.335505030019646933e-01
3.535999999999999943e+01,4.186859845120426138e-02
3.537999999999999545e+01,1.492076778534162929e-01
3.540000000000000568e+01,1.402655690585420667e-01
3.542000000000000171e+01,4.114275615608485592e-02
3.543999999999999773e+01,2.532765740014785161e-01
3.546000000000000085e+01,-8.631222197386970510e-03
3.548000000000000398e+01,1.662068856537748662e-01
3.550000000000000000e+01,4.518894718341479738e-02
3.551999999999999602e+01,2.424629729146982882e-01
3.553999999999999915e+01,1.444370435866922930e-01
3.556000000000000227e+01,1.017506611470026384e-01
3.557999999999999829e+01,2.971879828545399005e-01
3.560000000000000142e+01,7.715248137434048414e-02
3.562000000000000455e+01,9.408268691317156485e-02
3.564000000000000057e+01,-3.152654161127609739e-02
3.565999999999999659e+01,4.776077925957771669e-02
3.567999999999999972e+01,2.104590889381354468e-01
3.570000000000000284e+01,1.362561338056225146e-01
3.571999999999999886e+01,8.014764856362235901e-02
3.574000000000000199e+01,2.973057838170993228e-01
3.576000000000000512e+01,7.867178712552257147e-02
3.578000000000000114e+01,1.964409310109002937e-01
3.579999999999999716e+01,4.812625460526617077e-02
3.582000000000000028e+01,2.033894084204086461e-01
3.584000000000000341e+01,9.416551558897116869e-02
3.585999999999999943e+01,2.977682544443193136e-01
3.587999999999999545e+01,2.466724698139294292e-01
3.590000000000000568e+01,1.700016888800957582e-01
3.592000000000000171e+01,1.496949699401888545e-01
3.593999999999999773e+01,4.619195554133979226e-02
3.596000000000000085e+01,1.300886850343928314e-01
3.598000000000000398e+01,-1.243105791265051996e-01
3.600000000000000000e+01,1.578650940368171440e-01
3.601999999999999602e+01,1.649257436571255064e-01
3.603999999999999915e+01,1.196866700890948515e-01
3.606000000000000227e+01,1.303846674462485755e-01
3.607999999999999829e+01,5.643816913343874253e-02
3.610000000000000142e+01,1.754643590322833846e-01
3.612000000000000455e+01,1.247572468084959252e-01
3.614000000000000057e+01,3.195233893345011955e-01
3.615999999999999659e+01,-7.567451214684323135e-02
3.617999999999999972e+01,-1.354940980272947015e-01
3.620000000000000284e+01,1.836704971334684189e-01
3.621999999999999886e+01,-1.530315276056886352e-02
3.624000000000000199e+01,7.147671058415595857e-02
3.626000000000000512e+01,8.400982624252203990e-02
3.628000000000000114e+01,4.747195325604248312e-02
3.629999999999999716e+01,2.047531325344018327e-01
3.632000000000000028e+01,4.273147731325039334e-01
3.634000000000000341e+01,2.491411394191037632e-01
3.635999999999999943e+01,-2.046185145287700291e-02
3.637999999999999545e+01,1.713179452943939252e-01
3.640000000000000568e+01,2.085011343801222994e-01
3.642000000000000171e+01,8.989422005969212315e-02
3.643999999999999773e+01,1.140271868605721162e-01
3.646000000000000085e+01,-4.154757797411281345e-02
3.648000000000000398e+01,2.087464652091811368e-01
3.650000000000000000e+01,2.149002570443074855e-01
3.651999999999999602e+01,1.457078590088992098e-01
3.653999999999999915e+01,9.626886201513253430e-03
3.656000000000000227e+01,1.043355453432542740e-01
3.657999999999999829e+01,3.230773134006783009e-01
3.660000000000000142e+01,5.003498837896375173e-01
3.662000000000000455e+01,1.609759617842927426e-01
3.664000000000000057e+01,1.797722656826678533e-01
3.665999999999999659e+01,4.618617009740191848e-02
3.667999999999999972e+01,1.488551940532530649e-01
3.670000000000000284e+01,3.056633248662886104e-01
3.671999999999999886e+01,-5.307903375065962936e-02
3.674000000000000199e+01,2.573145117936898041e-02
3.676000000000000512e+01,4.129781866484318331e-01
3.678000000000000114e+01,1.405685310877317074e-01
3.679999999999999716e+01,1.402564647309529622e-01
3.682000000000000028e+01,1.762633447853060586e-01
3.684000000000000341e+01,3.325109070579632120e-01
3.685999999999999943e+01,5.787095677980662323e-02
3.687999999999999545e+01,4.511383963829519450e-01
3.690000000000000568e+01,4.650413370160799698e-01
3.692000000000000171e+01,4.806049339167803858e-01
3.693999999999999773e+01,2.533107857500875859e-01
3.696000000000000085e+01,2.541765311595454158e-01
3.698000000000000398e+01,4.218400922264988195e-01
3.700000000000000000e+01,3.231597498119789247e-01
3.701999999999999602e+01,4.671916087107801929e-01
3.703999999999999915e+01,4.623800124222369190e-01
3.706000000000000227e+01,5.433469860500884652e-01
3.707999999999999829e+01,4.809514039075329928e-01
3.710000000000000142e+01,6.478954465502685389e-01
3.712000000000000455e+01,7.742216332266596002e-01
3.714000000000000057e+01,7.806251958128750390e-01
3.715999999999999659e+01,6.196519748085562718e-01
3.717999999999999972e+01,9.316165957534983111e-01
3.720000000000000284e+01,9.957923738700608096e-01
3.721999999999999886e+01,1.156785414519022614e+00
3.724000000000000199e+01,1.112102077707553871e+00
3.726000000000000512e+01,1.836117533482215292e+00
3.728000000000000114e+01,2.878315774015840489e+00
3.729999999999999716e+01,3.551573529260410034e+00
3.732000000000000028e+01,5.205163838401420939e+00
3.734000000000000341e+01,1.197008118455300618e+01
3.735999999999999943e+01,2.898321963431150294e+01
3.737999999999999545e+01,5.928308343049253182e+01
3.740000000000000568e+01,7.919643253989914911e+01
3.742000000000000171e+01,6.358987151772493007e+01
3.743999999999999773e+01,3.499680459411366940e+01
3.746000000000000085e+01,1.500925890164317522e+01
3.748000000000000398e+01,6.376619937908886371e+00
3.750000000000000000e+01,4.047885693938355622e+00
3.751999999999999602e+01,2.844862114909642248e+00
3.753999999999999915e+01,2.128981008702359290e+00
3.756000000000000227e+01,1.790680385073224690e+00
3.757999999999999829e+01,1.372925049355174121e+00
3.760000000000000142e+01,9.191561687107127065e-01
3.762000000000000455e+01,8.640841672542745044e-01
3.764000000000000057e+01,7.004574502526123014e-01
3.765999999999999659e+01,6.949804837709165906e-01
3.767999999999999972e+01,7.669045775422781430e-01
3.770000000000000284e+01,4.249568430517738915e-01
3.771999999999999886e+01,6.346971183317511311e-01
3.774000000000000199e+01,2.972391897859748555e-01
3.776000000000000512e+01,4.786062650238242511e-01
3.778000000000000114e+01,4.544069137405598591e-01
3.779999999999999716e+01,5.824050899076865795e-01
3.782000000000000028e+01,4.101871904709603056e-01
3.784000000000000341e+01,5.436719768287182619e-01
3.785999999999999943e+01,5.996011110454863013e-01
3.787999999999999545e+01,7.265649165024806733e-01
3.790000000000000568e+01,5.568682780853403402e-01
3.792000000000000171e+01,7.650374403261278600e-01
3.793999999999999773e+01,8.063581958192983512e-01
3.796000000000000085e+01,7.449563151572173858e-01
3.798000000000000398e+01,1.366384043280422400e+00
3.800000000000000000e+01,2.429174035747336813e+00
3.801999999999999602e+01,5.600983762648478859e+00
3.803999999999999915e+01,1.188165675153326717e+01
3.806000000000000227e+01,1.719425195267622897e+01
3.807999999999999829e+01,1.553057580990611974e+01
3.810000000000000142e+01,9.326006854599325990e+00
3.812000000000000455e+01,4.868337859874499962e+00
3.814000000000000057e+01,1.922238146001762793e+00
3.815999999999999659e+01,1.070666796702907320e+00
3.817999999999999972e+01,7.349675861013760247e-01
3.820000000000000284e+01,5.267146969978581117e-01
3.821999999999999886e+01,6.772471851682129174e-01
3.824000000000000199e+01,8.587204657058591373e-01
3.826000000000000512e+01,8.136483049745482088e-01
3.828000000000000114e+01,6.200081270044218718e-01
3.829999999999999716e+01,9.817694351561896404e-01
3.832000000000000028e+01,1.352519328956947708e+00
3.834000000000000341e+01,1.395549698287077867e+00
3.835999999999999943e+01,2.172690325187728089e+00
3.837999999999999545e+01,2.533143651450348255e+00
3.840000000000000568e+01,5.795561636357071222e+00
3.842000000000000171e+01,1.373642448706203290e+01
3.843999999999999773e+01,2.833248107089524481e+01
3.846000000000000085e+01,3.664874368700903062e+01
3.848000000000000398e+01,2.995791072934820320e+01
3.850000000000000000e+01,1.511597703201363530e+01
3.851999999999999602e+01,7.189007249274586897e+00
3.853999999999999915e+01,3.533953284109748516e+00
3.856000000000000227e+01,1.880931689045727051e+00
3.857999999999999829e+01,1.569514643162788214e+00
3.860000000000000142e+01,1.118415993264923136e+00
3.862000000000000455e+01,9.178518003707423212e-01
3.864000000000000057e+01,6.076078149482667667e-01
3.865999999999999659e+01,5.427134787605272237e-01
3.867999999999999972e+01,3.331062739681115992e-01
3.870000000000000284e+01,5.726915919553321466e-01
3.871999999999999886e+01,9.392022871388087946e-02
3.874000000000000199e+01,2.210937933411707412e-01
3.876000000000000512e+01,4.198532797196270483e-01
3.878000000000000114e+01,1.989476275122600835e-01
3.879999999999999716e+01,3.523606015236301348e-01
3.882000000000000028e+01,2.055384445423876216e-01
3.884000000000000341e+01,3.368641863681610671e-01
3.885999999999999943e+01,3.187067934419588466e-01
3.887999999999999545e+01,3.604577247981209931e-01
3.890000000000000568e+01,1.074015239668250354e-01
3.892000000000000171e+01,1.519531367441335490e-01
3.893999999999999773e+01,4.225401556155318761e-01
3.896000000000000085e+01,4.167661551413007898e-02
3.898000000000000398e+01,5.534169113477779151e-02
3.900000000000000000e+01,5.091307867727765807e-02
3.901999999999999602e+01,2.484152100969317378e-01
3.903999999999999915e+01,8.056835599982095641e-02
3.906000000000000227e+01,2.274034320906838658e-01
3.907999999999999829e+01,1.520567746704080125e-01
3.910000000000000142e+01,1.011164134757911170e-01
3.912000000000000455e+01,2.924890538117901895e-01
3.914000000000000057e+01,1.208165769198814854e-01
3.915999999999999659e+01,3.099538795508016698e-01
3.917999999999999972e+01,4.454345366149726759e-01
3.920000000000000284e+01,2.435534751494656813e-01
3.921999999999999886e+01,4.337948364624694686e-01
3.924000000000000199e+01,1.312548198663409105e-01
3.926000000000000512e+01,6.209965424536109113e-01
3.928000000000000114e+01,5.647237870277445060e-01
3.929999999999999716e+01,1.199816712671214702e+00
3.932000000000000028e+01,2.049330402690576314e+00
3.934000000000000341e+01,4.428860726203085463e+00
3.935999999999999943e+01,6.106824023432628756e+00
3.937999999999999545e+01,5.178230243054797732e+00
3.940000000000000568e+01,2.743823624947304918e+00
3.942000000000000171e+01,1.117601126199407435e+00
3.943999999999999773e+01,4.853735725522482780e-01
3.946000000000000085e+01,6.543524410799193003e-01
3.948000000000000398e+01,3.701450975807256127e-01
3.950000000000000000e+01,2.112171596885843716e-01
3.951999999999999602e+01,2.125332771428210532e-01
3.953999999999999915e+01,2.266063938643523290e-01
3.956000000000000227e+01,3.605113942303999480e-02
3.957999999999999829e+01,3.188799795172816975e-01
3.960000000000000142e+01,1.884086506670220873e-01
3.962000000000000455e+01,1.358797345378487675e-01
3.964000000000000057e+01,1.058583702135223042e-01
3.965999999999999659e+01,2.869332161112265744e-01
3.967999999999999972e+01,2.690864344326978075e-01
3.970000000000000284e+01,-1.211977690121121380e-02
3.971999999999999886e+01,1.554492184538620037e-01
3.974000000000000199e+01,1.960922399746386213e-01
3.976000000000000512e+01,2.143335058390579417e-01
3.978000000000000114e+01,-1.420190401893753618e-01
3.979999999999999716e+01,2.584481423506753694e-01
3.982000000000000028e+01,1.522051224191137697e-01
3.984000000000000341e+01,1.339176217898503940e-01
3.985999999999999943e+01,8.808449594174284913e-02
3.987999999999999545e+01,1.752056713976214153e-01
3.990000000000000568e+01,4.499547919738264984e-02
3.992000000000000171e+01,2.489152265462772073e-01
3.993999999999999773e+01,9.138564293836574925e-02
3.996000000000000085e+01,2.528890725045561116e-01
3.998000000000000398e+01,2.507497607824110686e-01
4.000000000000000000e+01,1.485109971467970247e-01
4.001999999999999602e+01,3.218777771614720479e-02
4.003999999999999915e+01,-2.228209898857803212e-02
4.006000000000000227e+01,1.747315545731520092e-01
4.007999999999999829e+01,-7.194284133868147912e-02
4.010000000000000142e+01,7.803866140121526462e-02
4.012000000000000455e+01,2.241587467093032471e-01
4.014000000000000057e+01,4.982917270675015636e-02
4.015999999999999659e+01,3.582051441073614423e-02
4.017999999999999972e+01,1.307140057653330412e-01
4.020000000000000284e+01,-8.370046395753888771e-03
4.021999999999999886e+01,1.878042022965588920e-01
4.024000000000000199e+01,2.217769433409525759e-01
4.026000000000000512e+01,8.586897703191999354e-02
4.028000000000000114e+01,3.048298240370257428e-01
4.029999999999999716e+01,-4.754951086062172982e-02
4.032000000000000028e+01,2.643218799818340403e-01
4.034000000000000341e+01,1.790004220411761660e-01
4.035999999999999943e+01,7.150136563732208128e-02
4.037999999999999545e+01,6.528404020658419571e-02
4.040000000000000568e+01,1.950248260609466766e-01
4.042000000000000171e+01,6.005985712400701941e-03
4.043999999999999773e+01,2.230093327460417052e-01
4.046000000000000085e+01,1.355888804761757327e-01
4.048000000000000398e+01,1.955826145111278988e-02
4.050000000000000000e+01,2.153464855676303635e-01
4.051999999999999602e+01,5.895291003101748445e-02
4.053999999999999915e+01,1.470738387309737660e-01
4.056000000000000227e+01,1.001715284115134025e-01
4.057999999999999829e+01,-8.148658128898265962e-02
4.060000000000000142e+01,5.157036988091695529e-02
4.062000000000000455e+01,-1.825403565281941975e-01
4.064000000000000057e+01,7.038468043409829011e-02
4.065999999999999659e+01,-8.814388054726455396e-03
4.067999999999999972e+01,7.258917517609442260e-02
4.070000000000000284e+01,1.213856831097308020e-01
4.071999999999999886e+01,1.877097059397177595e-02
4.074000000000000199e+01,1.093593157955663475e-01
4.076000000000000512e+01,-2.708775486828029697e-02
4.078000000000000114e+01,4.923256188495542078e-03
4.079999999999999716e+01,-9.902478808072998073e-02
4.082000000000000028e+01,-1.082332616598446866e-02
4.084000000000000341e+01,2.978075998358157839e-01
4.085999999999999943e+01,-2.121964557401917820e-02
4.087999999999999545e+01,1.580457998704227207e-01
4.090000000000000568e+01,-2.830606594442679202e-02
4.092000000000000171e+01,8.259049100570610424e-02
4.093999999999999773e+01,2.190173504664258419e-02
4.096000000000000085e+01,1.285143810746853209e-02
4.098000000000000398e+01,2.026419091680943807e-01
4.100000000000000000e+01,5.084474566349709429e-02
4.101999999999999602e+01,6.879757707330556860e-02
4.103999999999999915e+01,5.672123277040072575e-02
4.106000000000000227e+01,6.790903589853544697e-02
4.107999999999999829e+01,2.224856393454603953e-01
4.110000000000000142e+01,3.860947432804964774e-02
4.112000000000000455e+01,1.563123418439899270e-01
4.114000000000000057e+01,1.647825077607890099e-01
4.115999999999999659e+01,-1.489011759776942556e-01
4.117999999999999972e+01,1.027638870668156762e-01
4.120000000000000284e+01,2.009990072631334668e-02
4.121999999999999886e+01,-4.037782078791257029e-02
4.124000000000000199e+01,4.387220517267775149e-02
4.126000000000000512e+01,6.844342420334170729e-02
4.128000000000000114e+01,1.704172531790563994e-01
4.129999999999999716e+01,2.736784234128814552e-01
4.132000000000000028e+01,1.143585083272189995e-01
4.134000000000000341e+01,3.188365762051207364e-01
4.135999999999999943e+01,6.313817835772425058e-01
4.137999999999999545e+01,5.416553221798502404e-01
4.140000000000000568e+01,2.506581440342898759e-01
4.142000000000000171e+01,2.270462517202504471e-01
4.143999999999999773e+01,2.518963304884537791e-01
4.146000000000000085e+01,-5.566743842137891057e-02
4.148000000000000398e+01,2.357808318838284234e-01
4.150000000000000000e+01,1.293992895786003419e-02
4.151999999999999602e+01,1.083762924617977103e-01
4.153999999999999915e+01,2.499676004516414307e-01
4.156000000000000227e+01,2.225464795746198432e-01
4.157999999999999829e+01,-3.417504270213804485e-02
4.160000000000000142e+01,2.245273680277228845e-01
4.162000000000000455e+01,3.984769597495594479e-02
4.164000000000000057e+01,-3.103277177279474552e-02
4.165999999999999659e+01,6.933826708526929540e-03
4.167999999999999972e+01,7.336051533696880123e-02
4.170000000000000284e+01,1.372328620968303603e-01
4.171999999999999886e+01,-7.200277425826386024e-02
4.174000000000000199e+01,1.236666091607406121e-01
4.176000000000000512e+01,5.289463257746351843e-02
4.178000000000000114e+01,1.890220779441346144e-01
4.179999999999999716e+01,2.715671842062638008e-01
4.182000000000000028e+01,7.834604283779962597e-02
4.184000000000000341e+01,1.603525287849326131e-01
4.185999999999999943e+01,1.112339884390925460e-01
4.187999999999999545e+01,3.149567656171194108e-02
4.190000000000000568e+01,1.379286324468338709e-01
4.192000000000000171e+01,2.963266105695613536e-02
4.193999999999999773e+01,-7.082792022581342606e-02
4.196000000000000085e+01,2.233649532702896012e-01
4.198000000000000398e+01,-8.041936792837105219e-02
4.200000000000000000e+01,1.482042987145676949e-01
4.202000000000000313e+01,1.726254436576361295e-01
4.203999999999999915e+01,1.803380758607366352e-01
4.206000000000000227e+01,2.715026751006369143e-02
4.207999999999999829e+01,1.143177706940498584e-01
4.210000000000000142e+01,-5.873808306998127421e-02
4.211999999999999744e+01,1.378802753648378926e-02
4.214000000000000057e+01,1.649371071230312236e-01
4.216000000000000369e+01,8.749571956717683285e-02
4.217999999999999972e+01,2.240552318022463185e-01
4.220000000000000284e+01,3.129991225678164235e-01
4.221999999999999886e+01,-3.979475371116330401e-02
4.224000000000000199e+01,1.227370494432384468e-02
4.225999999999999801e+01,8.169084074470481238e-02
4.228000000000000114e+01,2.379935048723479940e-01
4.229999999999999716e+01,6.935880029843412287e-02
4.232000000000000028e+01,2.047092734728837571e-01
4.234000000000000341e+01,1.479378524487592050e-01
4.235999999999999943e+01,-1.077363818411398583e-01
4.238000000000000256e+01,1.910850847295654520e-01
4.239999999999999858e+01,4.961652153993723752e-02
4.242000000000000171e+01,1.721207595223817610e-01
4.243999999999999773e+01,1.421371846067672473e-01
4.246000000000000085e+01,7.247711513951100859e-02
4.248000000000000398e+01,-1.569538025277528726e-01
4.250000000000000000e+01,1.218433591940865507e-01
4.252000000000000313e+01,1.983322224680247048e-01
4.253999999999999915e+01,3.164359700966107303e-02
4.256000000000000227e+01,-2.015693022566605180e-02
4.257999999999999829e+01,1.586835690737762872e-01
4.260000000000000142e+01,-2.673124504167944879e-02
4.261999999999999744e+01,1.427542322852838608e-01
4.264000000000000057e+01,-3.196049537132838320e-02
4.266000000000000369e+01,2.736254696018828314e-01
4.267999999999999972e+01,1.455415946978177166e-01
4.270000000000000284e+01,1.153995873844324699e-01
4.271999999999999886e+01,1.331260822625940643e-01
4.274000000000000199e+01,1.650840016024962831e-01
4.275999999999999801e+01,3.395801495681806115e-01
4.278000000000000114e+01,1.808337601418390228e-01
4.279999999999999716e+01,1.921631646392487902e-01
4.282000000000000028e+01,1.514090703965874085e-01
4.284000000000000341e+01,3.798016858468115653e-01
4.285999999999999943e+01,3.290190145057149684e-01
4.288000000000000256e+01,5.959013683234710701e-01
4.289999999999999858e+01,6.920606191188308776e-01
4.292000000000000171e+01,1.895942253761400131e+00
4.293999999999999773e+01,3.225869182371979171e+00
4.296000000000000085e+01,2.186265184199927436e+00
4.298000000000000398e+01,1.652436811533095407e+00
4.300000000000000000e+01,7.062226385253684846e-01
4.302000000000000313e+01,4.953873263761229828e-01
4.303999999999999915e+01,2.533978040237251927e-01
4.306000000000000227e+01,9.659230857700738804e-02
4.307999999999999829e+01,2.087710605808107689e-01
4.310000000000000142e+01,1.342405244287537824e-01
4.311999999999999744e+01,1.531705254780639236e-01
4.314000000000000057e+01,1.244754559683902140e-01
4.316000000000000369e+01,9.420748887374964797e-02
4.317999999999999972e+01,1.282511595574754026e-01
4.320000000000000284e+01,1.293915809788981075e-01
4.321999999999999886e+01,1.571995903463044575e-01
4.324000000000000199e+01,2.557847066163853045e-01
4.325999999999999801e+01,4.496680279184108418e-03
4.328000000000000114e+01,-3.641384352117010142e-02
4.329999999999999716e+01,2.154965050844677432e-01
4.332000000000000028e+01,1.993925757380670960e-01
4.334000000000000341e+01,-2.922441459657634452e-03
4.335999999999999943e+01,3.068040539443960268e-01
4.338000000000000256e+01,1.283874626796283891e-01
4.339999999999999858e+01,2.266849334903966451e-01
4.342000000000000171e+01,2.089591276445019741e-01
4.343999999999999773e+01,2.187660734074297134e-02
4.346000000000000085e+01,1.867176056174364440e-01
4.348000000000000398e+01,5.420965103596300620e-03
4.350000000000000000e+01,1.313336175044342857e-01
4.352000000000000313e+01,1.703497086775583313e-01
4.353999999999999915e+01,2.688015652005248945e-01
4.356000000000000227e+01,7.755571767274539730e-02
4.357999999999999829e+01,3.349956973179596398e-01
4.360000000000000142e+01,1.223266263966208689e-01
4.361999999999999744e+01,8.588157352352057683e-02
4.364000000000000057e+01,7.798424985036621349e-02
4.366000000000000369e+01,1.343617911980871382e-01
4.367999999999999972e+01,6.211532717343449389e-02
4.370000000000000284e+01,2.888549784788166375e-01
4.371999999999999886e+01,2.244393939524298165e-01
4.374000000000000199e+01,1.997996520983498225e-01
4.375999999999999801e+01,3.035077443027870414e-01
4.378000000000000114e+01,1.153078533610226442e-01
4.379999999999999716e+01,1.147444264163258593e-01
4.382000000000000028e+01,2.161985950039776727e-01
4.384000000000000341e+01,7.442816797214436564e-01
4.385999999999999943e+01,1.592754722522122357e+00
4.388000000000000256e+01,2.385093012545982383e+00
4.389999999999999858e+01,1.936531677131482221e+00
4.392000000000000171e+01,1.815844134845380431e+00
4.393999999999999773e+01,7.866426799921845125e-01
4.396000000000000085e+01,5.643720087367124494e-01
4.398000000000000398e+01,5.426804180133547595e-01
4.400000000000000000e+01,2.128589804985895340e-01
4.402000000000000313e+01,4.565537055931824795e-01
4.403999999999999915e+01,1.013844079135282211e-01
4.406000000000000227e+01,3.416083525320433578e-01
4.407999999999999829e+01,1.648691307314642807e-01
4.410000000000000142e+01,2.209742216631267464e-01
4.411999999999999744e+01,2.804551790332459604e-01
4.414000000000000057e+01,1.532158435427527499e-01
4.416000000000000369e+01,2.193481253947811849e-01
4.417999999999999972e+01,1.393487779461380881e-02
4.420000000000000284e+01,1.500158485636716998e-01
4.421999999999999886e+01,2.630487646191940754e-01
4.424000000000000199e+01,6.978178681926988647e-02
4.425999999999999801e+01,4.477140988690462842e-01
4.428000000000000114e+01,3.855631425471616608e-02
4.430000000000000426e+01,7.246753329138426458e-02
4.432000000000000028e+01,1.776950139882128576e-01
4.434000000000000341e+01,-1.000404708504328832e-01
4.435999999999999943e+01,1.383270541961193756e-01
4.438000000000000256e+01,3.822659064511105820e-01
4.439999999999999858e+01,2.167743256208723157e-01
4.442000000000000171e+01,2.290245560595589314e-01
4.443999999999999773e+01,4.636557617965347128e-02
4.446000000000000085e+01,1.254199427943758494e-01
4.448000000000000398e+01,3.241166121581309789e-01
4.450000000000000000e+01,1.763620251041122799e-01
4.452000000000000313e+01,9.736245440014775626e-03
4.453999999999999915e+01,4.397779020480580003e-01
4.456000000000000227e+01,3.024073059459641000e-01
4.457999999999999829e+01,4.618066673533662292e-01
4.460000000000000142e+01,1.894116679147344329e-01
4.461999999999999744e+01,8.345401983159786985e-01
4.464000000000000057e+01,1.359168600569007124e+00
4.466000000000000369e+01,3.122606860750006597e+00
4.467999999999999972e+01,6.013571440914663668e+00
4.470000000000000284e+01,9.119096074069252822e+00
4.471999999999999886e+01,8.136067903495305842e+00
4.474000000000000199e+01,5.095675427139983782e+00
4.475999999999999801e+01,2.354542765864857223e+00
4.478000000000000114e+01,1.212349645467787340e+00
4.480000000000000426e+01,5.723465196522488085e-01
4.482000000000000028e+01,3.935849664957438709e-01
4.484000000000000341e+01,3.430088051423240691e-01
4.485999999999999943e+01,3.522444207702533081e-01
4.488000000000000256e+01,3.879183941933829205e-01
4.489999999999999858e+01,2.338398664331174381e-01
4.492000000000000171e+01,2.173816397277549828e-01
4.493999999999999773e+01,2.603733086908827654e-01
4.496000000000000085e+01,2.026468610629031664e-01
4.498000000000000398e+01,4.604170091341650006e-01
4.500000000000000000e+01,2.026726965137461978e-01
4.502000000000000313e+01,-3.161076365720923848e-02
4.503999999999999915e+01,5.884721678552626289e-02
4.506000000000000227e+01,7.542562172017777677e-02
4.507999999999999829e+01,6.370806593537234330e-02
4.510000000000000142e+01,2.582728139159283232e-01
4.511999999999999744e+01,1.857601621641388201e-01
4.514000000000000057e+01,8.778312666005633202e-02
4.516000000000000369e+01,7.091737888231618159e-02
4.517999999999999972e+01,2.918314465248243728e-02
4.520000000000000284e+01,2.632289477590564197e-01
4.521999999999999886e+01,1.813381027586209449e-01
4.524000000000000199e+01,1.294816844383158416e-01
4.525999999999999801e+01,2.743937370407285026e-01
4.528000000000000114e+01,-9.289902359367227871e-03
4.530000000000000426e+01,2.013234722668658938e-01
4.532000000000000028e+01,6.799062456095186779e-02
4.534000000000000341e+01,1.234178777064675187e-01
4.535999999999999943e+01,2.355222036099698379e-01
4.538000000000000256e+01,3.026633060238924644e-01
4.539999999999999858e+01,-5.499966371081427968e-02
4.542000000000000171e+01,1.606347252618317567e-01
4.543999999999999773e+01,5.345064794702000799e-02
4.546000000000000085e+01,7.441918412223122448e-02
4.548000000000000398e+01,2.928633357362003808e-01
4.550000000000000000e+01,1.474467341113535890e-01
4.552000000000000313e+01,8.213935687942996999e-02
4.553999999999999915e+01,1.238049943644557588e-01
4.556000000000000227e+01,3.034766033366133597e-01
4.557999999999999829e+01,1.028159766960510119e-01
4.560000000000000142e+01,2.548199493206771971e-01
4.561999999999999744e+01,1.571773772157997739e-01
4.564000000000000057e+01,2.196718374950920316e-01
4.566000000000000369e+01,6.824935883575065920e-02
4.567999999999999972e+01,9.055190340223319423e-02
4.570000000000000284e+01,2.818821970864027193e-01
4.571999999999999886e+01,3.289609707587171639e-01
4.574000000000000199e+01,3.503588901656302657e-01
4.575999999999999801e+01,3.955186114632728289e-01
4.578000000000000114e+01,2.558134261615975791e-01
4.580000000000000426e+01,1.702901003913071809e-01
4.582000000000000028e+01,4.352476265462966731e-01
4.584000000000000341e+01,3.533470045014348027e-01
4.585999999999999943e+01,3.831592874527557369e-01
4.588000000000000256e+01,2.876933805100186370e-01
4.589999999999999858e+01,5.536217938491746482e-01
4.592000000000000171e+01,4.338241658327604555e-01
4.593999999999999773e+01,6.476615125649595184e-01
4.596000000000000085e+01,7.456781159505270207e-01
4.598000000000000398e+01,1.096386917484892365e+00
4.600000000000000000e+01,1.775612342946823352e+00
4.602000000000000313e+01,3.648007598475687452e+00
4.603999999999999915e+01,7.164228861910265422e+00
4.606000000000000227e+01,1.283789955790314785e+01
4.607999999999999829e+01,1.541244150633568033e+01
4.610000000000000142e+01,1.059645000057991560e+01
4.611999999999999744e+01,5.919378883521463131e+00
4.614000000000000057e+01,2.523648559026101967e+00
4.616000000000000369e+01,1.496646241839459934e+00
4.617999999999999972e+01,1.064408649247526206e+00
4.620000000000000284e+01,5.920386417176842775e-01
4.621999999999999886e+01,5.339145290488331863e-01
4.624000000000000199e+01,4.684441769803455724e-01
4.625999999999999801e+01,3.942030977274477710e-01
4.628000000000000114e+01,2.741323817697471354e-01
4.630000000000000426e+01,2.978552509222290867e-01
4.632000000000000028e+01,2.633949579636145621e-01
4.634000000000000341e+01,3.275698808757317448e-01
4.635999999999999943e+01,4.181673600172548522e-01
4.638000000000000256e+01,5.504897844880494162e-01
4.639999999999999858e+01,8.205642669129126210e-01
4.642000000000000171e+01,4.556620413771708678e-01
4.643999999999999773e+01,9.303809452966190774e-01
4.646000000000000085e+01,1.431574202182603450e+00
4.648000000000000398e+01,3.272817706501538471e+00
4.650000000000000000e+01,5.766727655516726614e+00
4.652000000000000313e+01,8.695218348230598693e+00
4.653999999999999915e+01,7.653097898165410307e+00
4.656000000000000227e+01,4.928725741770060509e+00
4.657999999999999829e+01,2.330288308860795077e+00
4.660000000000000142e+01,1.155283812963174839e+00
4.661999999999999744e+01,8.728438831981063517e-01
4.664000000000000057e+01,7.317243649712806830e-01
4.666000000000000369e+01,2.343066247493459375e-01
4.667999999999999972e+01,3.164764106227246909e-01
4.670000000000000284e+01,2.379919570486188907e-01
4.671999999999999886e+01,3.178154653120979223e-01
4.674000000000000199e+01,2.309451044984556500e-01
4.675999999999999801e+01,3.583973567363477053e-01
4.678000000000000114e+01,1.608373776884787498e-01
4.680000000000000426e+01,3.062763476204256041e-01
4.682000000000000028e+01,3.004094156954603134e-01
4.684000000000000341e+01,1.218676298249464773e-01
4.685999999999999943e+01,2.160121905087986904e-01
4.688000000000000256e+01,2.704252463529172590e-01
4.689999999999999858e+01,1.206171065029743722e-01
4.692000000000000171e+01,1.865104849300890377e-01
4.693999999999999773e+01,2.235611330211316472e-02
4.696000000000000085e+01,8.684973248659104070e-03
4.698000000000000398e+01,7.091769098922576231e-02
4.700000000000000000e+01,-5.562552539028209342e-02
4.702000000000000313e+01,2.588639882235833634e-01
4.703999999999999915e+01,1.944257065837766973e-01
4.706000000000000227e+01,1.239245115526113744e-01
4.707999999999999829e+01,2.103380714819568995e-02
4.710000000000000142e+01,3.532454574639429246e-02
4.711999999999999744e+01,4.225489574873000226e-02
4.714000000000000057e+01,1.869952018472784416e-01
4.716000000000000369e+01,2.419155967886646441e-02
4.717999999999999972e+01,2.450292991558709055e-01
4.720000000000000284e+01,1.895715830889742881e-01
4.721999999999999886e+01,1.636535523107701118e-01
4.724000000000000199e+01,7.772502627153610177e-02
4.725999999999999801e+01,2.363375140528904128e-01
4.728000000000000114e+01,5.841007142458727597e-02
4.730000000000000426e+01,2.157420487535665621e-01
4.732000000000000028e+01,9.156606671497098671e-02
4.734000000000000341e+01,2.611104245380349576e-01
4.735999999999999943e+01,1.849442515814817001e-02
4.738000000000000256e+01,4.638016928697010627e-02
4.739999999999999858e+01,2.516216477660008222e-01
4.742000000000000171e+01,3.809065045340883082e-01
4.743999999999999773e+01,2.685564177850090911e-02
4.746000000000000085e+01,1.803937315721547419e-01
4.748000000000000398e+01,1.855249967476312045e-01
4.750000000000000000e+01,2.456136423067082908e-01
4.752000000000000313e+01,2.131956258985934216e-01
4.753999999999999915e+01,1.495270970458118243e-01
4.756000000000000227e+01,2.104739292502659231e-01
4.757999999999999829e+01,1.315700882408890326e-01
4.760000000000000142e+01,2.039405127251437133e-01
4.761999999999999744e+01,6.218643262682115036e-02
4.764000000000000057e+01,1.242558940513213417e-01
4.766000000000000369e+01,2.834463020314310078e-01
4.767999999999999972e+01,-2.264424520899073826e-02
4.770000000000000284e+01,3.073630825125311383e-01
4.771999999999999886e+01,4.841979800575795245e-01
4.774000000000000199e+01,4.314015625275897103e-01
4.775999999999999801e+01,3.119371715471777606e-01
4.778000000000000114e+01,3.101319566879013889e-01
4.780000000000000426e+01,6.441683497999639574e-01
4.782000000000000028e+01,1.122782413607956942e+00
4.784000000000000341e+01,1.005780344288493611e+00
4.785999999999999943e+01,1.349481353430945774e+00
4.788000000000000256e+01,2.292842057644594256e+00
4.789999999999999858e+01,4.961810095886371563e+00
4.792000000000000171e+01,9.677755004078179013e+00
4.793999999999999773e+01,1.908396044961897076e+01
4.796000000000000085e+01,2.527964348630323244e+01
4.798000000000000398e+01,2.174498747614591565e+01
4.800000000000000000e+01,1.270653986405790903e+01
4.802000000000000313e+01,5.854522061046764314e+00
4.803999999999999915e+01,2.857661101083193600e+00
4.806000000000000227e+01,1.682100045234327323e+00
4.807999999999999829e+01,1.121895512296842812e+00
4.810000000000000142e+01,8.684159519705920705e-01
4.811999999999999744e+01,9.043323462416998915e-01
4.814000000000000057e+01,8.394415064683240502e-01
4.816000000000000369e+01,4.253477993120888812e-01
4.817999999999999972e+01,3.391235343652333478e-01
4.820000000000000284e+01,6.266870073256466389e-01
4.821999999999999886e+01,4.972630502171059286e-01
4.824000000000000199e+01,-4.692184108190560615e-02
4.825999999999999801e+01,3.309788710429016900e-01
4.828000000000000114e+01,3.573553733180681036e-01
4.830000000000000426e+01,2.829091578023948950e-01
4.832000000000000028e+01,9.552679443838989204e-02
4.834000000000000341e+01,2.328335882750705854e-01
4.835999999999999943e+01,3.567379795043196244e-01
4.838000000000000256e+01,2.025019848375641252e-01
4.839999999999999858e+01,2.164214502507775251e-01
4.842000000000000171e+01,2.117738207894006019e-01
4.843999999999999773e+01,5.318657211052748579e-01
4.846000000000000085e+01,8.451309599382674786e-01
4.848000000000000398e+01,1.958318649772801789e+00
4.850000000000000000e+01,2.330491153213472000e+00
4.852000000000000313e+01,2.393477045008653104e+00
4.853999999999999915e+01,1.642957486765533215e+00
4.856000000000000227e+01,9.144363601305374178e-01
4.857999999999999829e+01,4.083368024850022593e-01
4.860000000000000142e+01,4.153872457815507846e-01
4.861999999999999744e+01,3.796209954627620675e-01
4.864000000000000057e+01,7.571325458189707980e-02
4.866000000000000369e+01,1.021624775956928577e-01
4.867999999999999972e+01,5.585788345053885884e-01
4.870000000000000284e+01,2.621422580721110562e-01
4.871999999999999886e+01,6.231261649697108357e-02
4.874000000000000199e+01,-8.498553486254159170e-03
4.875999999999999801e+01,2.591455640214551659e-01
4.878000000000000114e+01,-1.055229736431970156e-02
4.880000000000000426e+01,1.497221067470368983e-01
4.882000000000000028e+01,4.582063489073208151e-01
4.884000000000000341e+01,1.865375953794382313e-01
4.885999999999999943e+01,9.294422200005408863e-02
4.888000000000000256e+01,1.024108473633630334e-01
4.889999999999999858e+01,2.069122913375852080e-01
4.892000000000000171e+01,1.463691694362204143e-01
4.893999999999999773e+01,-9.886985879704467128e-02
4.896000000000000085e+01,-9.132094961298779789e-02
4.898000000000000398e+01,1.569312502105972562e-01
4.900000000000000000e+01,1.317019099313598285e-01
4.902000000000000313e+01,-6.107935032119651657e-03
4.903999999999999915e+01,5.938786151528521740e-02
4.906000000000000227e+01,1.073978268052145912e-01
4.907999999999999829e+01,-3.677252384569168475e-02
4.910000000000000142e+01,2.703872444075393067e-01
4.911999999999999744e+01,1.488331816006921715e-01
4.914000000000000057e+01,2.551819291836709414e-01
4.916000000000000369e+01,2.712927056768175138e-01
4.917999999999999972e+01,1.754638798782441889e-01
4.920000000000000284e+01,1.443885450731890174e-01
4.921999999999999886e+01,1.726725264278107241e-01
4.924000000000000199e+01,2.208673463576416862e-01
4.925999999999999801e+01,-1.581656391983731966e-02
4.928000000000000114e+01,1.132476184399185404e-01
4.930000000000000426e+01,1.209691193762850534e-03
4.932000000000000028e+01,2.019598724870930173e-01
4.934000000000000341e+01,3.159228035806529444e-01
4.935999999999999943e+01,1.984522324120507331e-01
4.938000000000000256e+01,3.770069777758238705e-01
4.939999999999999858e+01,-1.087375829347777129e-01
4.942000000000000171e+01,1.739394625195149757e-01
4.943999999999999773e+01,3.793161771074289312e-01
4.946000000000000085e+01,2.225547322450138754e-01
4.948000000000000398e+01,5.479635625013693501e-01
4.950000000000000000e+01,3.565253765307999090e-01
4.952000000000000313e+01,9.994697284202941345e-01
4.953999999999999915e+01,1.670086621716413866e+00
4.956000000000000227e+01,3.238209091891049329e+00
4.957999999999999829e+01,4.247111746452207903e+00
4.960000000000000142e+01,3.617635091521075541e+00
4.961999999999999744e+01,1.852823667963994447e+00
4.964000000000000057e+01,1.277779908736309977e+00
4.966000000000000369e+01,6.159142003007042065e-01
4.967999999999999972e+01,3.765035100740214413e-01
4.970000000000000284e+01,3.837766082002548873e-01
4.971999999999999886e+01,1.653044434711148092e-01
4.974000000000000199e+01,1.612270688167183053e-01
4.975999999999999801e+01,2.834033465685403819e-01
4.978000000000000114e+01,1.523717274984671133e-01
4.980000000000000426e+01,-1.319097218810580674e-01
4.982000000000000028e+01,1.628609569626611464e-01
4.984000000000000341e+01,2.199947903954424522e-01
4.985999999999999943e+01,3.406049065408628951e-01
4.988000000000000256e+01,1.254685878322617243e-01
4.989999999999999858e+01,1.777262379786448687e-01
4.992000000000000171e+01,7.715939772039502598e-02
4.993999999999999773e+01,1.659151519450476342e-01
4.996000000000000085e+01,1.123005850082557794e-01
4.998000000000000398e+01,6.719569681613993262e-02
5.000000000000000000e+01,2.182147147634604378e-01
5.002000000000000313e+01,1.248726454426835331e-01
5.003999999999999915e+01,2.908785838690755576e-01
5.006000000000000227e+01,2.576486863621748613e-01
5.007999999999999829e+01,3.860269612214333179e-01
5.010000000000000142e+01,1.195028493122010510e-01
5.011999999999999744e+01,2.505288886823955341e-01
5.014000000000000057e+01,8.451029795637723940e-02
5.016000000000000369e+01,2.106437798408639650e-01
5.017999999999999972e+01,2.443610567630340527e-02
5.020000000000000284e+01,1.852365235360063922e-01
5.021999999999999886e+01,1.812611341540159293e-01
5.024000000000000199e+01,1.383536272441139581e-01
5.025999999999999801e+01,1.025189452222480951e-01
5.028000000000000114e+01,1.277203458893649834e-01
5.030000000000000426e+01,3.069579473148791871e-01
5.032000000000000028e+01,-6.216354226909245190e-02
5.034000000000000341e+01,3.276520439833734422e-01
5.035999999999999943e+01,2.285257130459642308e-02
5.038000000000000256e+01,3.338332379132121774e-01
5.039999999999999858e+01,1.653151343703760934e-01
5.042000000000000171e+01,3.038602462872408982e-01
5.043999999999999773e+01,8.817648276310405264e-02
5.046000000000000085e+01,2.212861086849584324e-01
5.048000000000000398e+01,4.272965307696894866e-01
5.050000000000000000e+01,1.240794324315346586e-01
5.052000000000000313e+01,2.434537405357392603e-01
5.053999999999999915e+01,2.298865629463480997e-01
5.056000000000000227e+01,3.916478167694615875e-01
5.057999999999999829e+01,3.375766567518316275e-01
5.060000000000000142e+01,1.027078766645001667e-01
5.061999999999999744e+01,2.899214957602304077e-01
5.064000000000000057e+01,3.774230260705691564e-01
5.066000000000000369e+01,9.923359973054426963e-02
5.067999999999999972e+01,5.896165900135285076e-01
5.070000000000000284e+01,6.135537891800723065e-01
5.071999999999999886e+01,8.081794737692258312e-01
5.074000000000000199e+01,8.785434246965959648e-01
5.075999999999999801e+01,1.495702558094587742e+00
5.078000000000000114e+01,2.480449264040043289e+00
5.080000000000000426e+01,4.980316503049444954e+00
5.082000000000000028e+01,9.249680119683592494e+00
5.084000000000000341e+01,1.637572224669402488e+01
5.085999999999999943e+01,1.663181545182035848e+01
5.088000000000000256e+01,1.265671170927519817e+01
5.089999999999999858e+01,6.231534725473545144e+00
5.092000000000000171e+01,3.154016498695232595e+00
5.093999999999999773e+01,1.690437831082918896e+00
5.096000000000000085e+01,1.317202297006868639e+00
5.098000000000000398e+01,1.294443472076805879e+00
5.100000000000000000e+01,5.189819817905678700e-01
5.102000000000000313e+01,5.839159053677611677e-01
5.103999999999999915e+01,5.954698897094653498e-01
5.106000000000000227e+01,2.340625325746850394e-01
5.107999999999999829e+01,3.850240124501365102e-01
5.110000000000000142e+01,4.778059112848728751e-01
5.111999999999999744e+01,2.394018475517692979e-01
5.114000000000000057e+01,4.719030732519511329e-01
5.116000000000000369e+01,2.223222766363200653e-01
5.117999999999999972e+01,3.006098716321208841e-01
5.120000000000000284e+01,3.675001482431893285e-01
5.121999999999999886e+01,2.930236205595165844e-01
5.124000000000000199e+01,1.070770466755634753e-01
5.125999999999999801e+01,1.055492935291051787e-01
5.128000000000000114e+01,-4.468483909028150847e-02
5.130000000000000426e+01,2.828089117750576809e-01
5.132000000000000028e+01,2.435419719908459568e-01
5.134000000000000341e+01,1.994766134704320515e-01
5.135999999999999943e+01,2.190681688104795799e-01
5.138000000000000256e+01,2.633912920234425248e-01
5.139999999999999858e+01,-4.253966847362972148e-02
5.142000000000000171e+01,3.390800514914012465e-01
5.143999999999999773e+01,1.830139725290830938e-02
5.146000000000000085e+01,2.749337333319905041e-01
5.148000000000000398e+01,2.517745524812682323e-01
5.150000000000000000e+01,1.904366425886526992e-01
5.152000000000000313e+01,2.245046486244794137e-01
5.153999999999999915e+01,3.571799936230576344e-01
5.156000000000000227e+01,1.403309414604255734e-01
5.157999999999999829e+01,2.575909549791576270e-01
5.160000000000000142e+01,1.271008527031723956e-01
5.161999999999999744e+01,1.990717683579027453e-01
5.164000000000000057e+01,4.304124595994460872e-02
5.166000000000000369e+01,2.512991204048138361e-01
5.167999999999999972e+01,4.540518294873832073e-01
5.170000000000000284e+01,4.387049787581306370e-01
5.171999999999999886e+01,3.040048259720202761e-01
5.174000000000000199e+01,5.356076104209420707e-01
5.175999999999999801e+01,7.468120706786623986e-01
5.178000000000000114e+01,9.572632740740885104e-01
5.180000000000000426e+01,1.419273840601255943e+00
5.182000000000000028e+01,2.419397653974121987e+00
5.184000000000000341e+01,4.948242544271320931e+00
5.185999999999999943e+01,9.968658124784928631e+00
5.188000000000000256e+01,1.564571075529740440e+01
5.189999999999999858e+01,1.700000013932551468e+01
5.192000000000000171e+01,1.016645632772262964e+01
5.193999999999999773e+01,6.438318732030749558e+00
5.196000000000000085e+01,2.971851774164676829e+00
5.198000000000000398e+01,1.294517485723620798e+00
5.200000000000000000e+01,9.216123058619759556e-01
5.202000000000000313e+01,8.955072322070690705e-01
5.203999999999999915e+01,9.243031651743116583e-01
5.206000000000000227e+01,8.332429529146599956e-01
5.207999999999999829e+01,5.206851817013289363e-01
5.210000000000000142e+01,3.405143596156964825e-01
5.211999999999999744e+01,3.955804895550625311e-01
5.214000000000000057e+01,3.752764039605062107e-01
5.216000000000000369e+01,1.877280833584960007e-01
5.217999999999999972e+01,2.505360894942630923e-01
5.220000000000000284e+01,3.788825140447143330e-02
5.221999999999999886e+01,1.520850517104905264e-01
5.224000000000000199e+01,2.740931068867759612e-01
5.225999999999999801e+01,2.724921045969182498e-01
5.228000000000000114e+01,2.353370217003152576e-01
5.230000000000000426e+01,2.297272519158489179e-01
5.232000000000000028e+01,2.741374823747542155e-01
5.234000000000000341e+01,2.475864846706202771e-01
5.235999999999999943e+01,2.954005733325963945e-01
5.238000000000000256e+01,3.808403395656472790e-01
5.239999999999999858e+01,3.008284045430830167e-01
5.242000000000000171e+01,4.366213350703760376e-01
5.243999999999999773e+01,6.181380916248933044e-01
5.246000000000000085e+01,4.046689732926876393e-01
5.248000000000000398e+01,6.246168059538348416e-01
5.250000000000000000e+01,9.058080112138729989e-01
5.252000000000000313e+01,1.153674577713375893e+00
5.253999999999999915e+01,1.999606114858701655e+00
5.256000000000000227e+01,3.993111631720783095e+00
5.257999999999999829e+01,6.420842057600224528e+00
5.260000000000000142e+01,1.285608723146324195e+01
5.261999999999999744e+01,1.301695398826132610e+01
5.264000000000000057e+01,7.947895257098338107e+00
5.266000000000000369e+01,4.490312211865829184e+00
5.267999999999999972e+01,1.795459409412513807e+00
5.270000000000000284e+01,1.169450434359818880e+00
5.271999999999999886e+01,1.198087403172908294e+00
5.274000000000000199e+01,4.295967029182293229e-01
5.275999999999999801e+01,6.409760689642123310e-01
5.278000000000000114e+01,4.670721910705529223e-01
5.280000000000000426e+01,4.288887744396682189e-01
5.282000000000000028e+01,5.368973443970876946e-01
5.284000000000000341e+01,3.929633762760577076e-01
5.285999999999999943e+01,4.674245144202387459e-01
5.288000000000000256e+01,2.350699556395321188e-01
5.289999999999999858e+01,3.124751194489531203e-01
5.292000000000000171e+01,2.530871657957287635e-01
5.293999999999999773e+01,2.158166508710983589e-01
5.296000000000000085e+01,3.278803702880231374e-01
5.298000000000000398e+01,2.880445110875836656e-01
5.300000000000000000e+01,2.229506457300995670e-01
5.302000000000000313e+01,3.253499911459413196e-01
5.303999999999999915e+01,3.468865251147492113e-01
5.306000000000000227e+01,3.426982254525789418e-01
5.307999999999999829e+01,2.809691674047705146e-01
5.310000000000000142e+01,1.788255902357678839e-01
5.311999999999999744e+01,2.724183189839144981e-01
5.314000000000000057e+01,3.666179809624677821e-01
5.316000000000000369e+01,1.848364286079359764e-01
5.317999999999999972e+01,2.909705180319175910e-01
5.320000000000000284e+01,5.057809843849641052e-01
5.321999999999999886e+01,6.973859230340243576e-01
5.324000000000000199e+01,1.835771261941427368e-01
5.325999999999999801e+01,3.134756165631203406e-01
5.328000000000000114e+01,7.552364233896072809e-01
5.330000000000000426e+01,6.743642882830562790e-01
5.332000000000000028e+01,1.089523043027549543e+00
5.334000000000000341e+01,1.361646219001101166e+00
5.335999999999999943e+01,3.146725904618959735e+00
5.338000000000000256e+01,6.666892054636955223e+00
5.339999999999999858e+01,1.110612394182152762e+01
5.342000000000000171e+01,1.772890146849717752e+01
5.343999999999999773e+01,1.618693358368203405e+01
5.346000000000000085e+01,9.995986778886587487e+00
5.348000000000000398e+01,5.593414877400418206e+00
5.350000000000000000e+01,3.538510133633053556e+00
5.352000000000000313e+01,3.621647938415017087e+00
5.353999999999999915e+01,2.414191605822539444e+00
5.356000000000000227e+01,1.916484843537820115e+00
5.357999999999999829e+01,1.139243502959444543e+00
5.360000000000000142e+01,5.830826727401110521e-01
5.361999999999999744e+01,6.419894910866393856e-01
5.364000000000000057e+01,1.008880076341317211e-01
5.366000000000000369e+01,3.810126257257263060e-01
5.367999999999999972e+01,2.985859765736257887e-01
5.370000000000000284e+01,4.810188074835451966e-01
5.371999999999999886e+01,4.563902769796427950e-01
5.374000000000000199e+01,1.790847290687563320e-01
5.375999999999999801e+01,3.476240059603866173e-01
5.378000000000000114e+01,1.136641012732385048e-01
5.380000000000000426e+01,2.500849674227155761e-01
5.382000000000000028e+01,3.380486761481492075e-01
5.384000000000000341e+01,7.771417852405634874e-03
5.385999999999999943e+01,1.551124578410549293e-01
5.388000000000000256e+01,5.736124419270978436e-02
5.389999999999999858e+01,1.009204216351609201e-01
5.392000000000000171e+01,5.210548405085239920e-02
5.393999999999999773e+01,8.461264170669083318e-02
5.396000000000000085e+01,1.776263863072255200e-01
5.398000000000000398e+01,2.080862433396132027e-01
5.400000000000000000e+01,5.890518849623792297e-02
5.402000000000000313e+01,5.454748117989001444e-02
5.403999999999999915e+01,2.595752190506910029e-02
5.406000000000000227e+01,8.811929452899176785e-02
5.407999999999999829e+01,-1.371150729025492898e-01
5.410000000000000142e+01,4.036134934802949603e-01
5.411999999999999744e+01,1.341435185730417146e-01
5.414000000000000057e+01,1.250376019527150440e-01
5.416000000000000369e+01,2.042745009066209150e-01
5.417999999999999972e+01,-2.334297177857130867e-02
5.420000000000000284e+01,2.654077901565372044e-01
5.421999999999999886e+01,3.718797340207087854e-01
5.424000000000000199e+01,1.403054305974697491e-01
5.425999999999999801e+01,1.795319427640992282e-01
5.428000000000000114e+01,-1.017711499734615631e-02
5.430000000000000426e+01,2.864731864813399934e-02
5.432000000000000028e+01,2.302137860989811602e-01
5.434000000000000341e+01,1.632760009238996279e-01
5.435999999999999943e+01,8.421960041910479811e-02
5.438000000000000256e+01,1.292775544275387156e-01
5.439999999999999858e+01,2.072265576365960316e-01
5.442000000000000171e+01,8.601019414153043829e-02
5.443999999999999773e+01,1.841676854797953677e-01
5.446000000000000085e+01,7.308201988320793541e-02
5.448000000000000398e+01,1.941283396500509684e-01
5.450000000000000000e+01,1.111091692669054082e-01
5.452000000000000313e+01,1.590649281225116618e-01
5.453999999999999915e+01,2.232150683786005285e-01
5.456000000000000227e+01,1.998587368841795997e-01
5.457999999999999829e+01,7.636421332011866792e-02
5.460000000000000142e+01,-3.531447124619042227e-02
5.461999999999999744e+01,2.265859922237704535e-02
5.464000000000000057e+01,2.113029258808193367e-01
5.466000000000000369e+01,-4.302067876782222910e-02
5.467999999999999972e+01,1.651443342644087764e-01
5.470000000000000284e+01,1.668597881202141253e-01
5.471999999999999886e+01,1.076229175690203016e-01
5.474000000000000199e+01,6.505770334220180307e-02
5.475999999999999801e+01,5.303035210868687482e-02
5.478000000000000114e+01,1.087224483598232400e-01
5.480000000000000426e+01,-2.235504169221961754e-02
5.482000000000000028e+01,9.474436522005322270e-02
5.484000000000000341e+01,6.253892612418186780e-02
5.485999999999999943e+01,8.780507401962826808e-02
5.488000000000000256e+01,2.486993475563922806e-01
5.489999999999999858e+01,6.907418963444456050e-02
5.492000000000000171e+01,-6.807252804845001157e-03
5.493999999999999773e+01,-1.548123264165813043e-02
5.496000000000000085e+01,1.594296443609844183e-01
5.498000000000000398e+01,1.131902134942626426e-01
5.500000000000000000e+01,2.623934762747719418e-01
5.502000000000000313e+01,3.355958477180041605e-03
5.503999999999999915e+01,2.422041643186894910e-01
5.506000000000000227e+01,4.175936062925134085e-02
5.507999999999999829e+01,7.637648594304306815e-02
5.510000000000000142e+01,6.590070093486585789e-02
5.511999999999999744e+01,2.057218382036535287e-01
5.514000000000000057e+01,-2.482152110817476692e-02
5.516000000000000369e+01,3.599363962261415903e-03
5.517999999999999972e+01,-2.387553567151823666e-02
5.520000000000000284e+01,1.328062586608020068e-01
5.521999999999999886e+01,1.592296322786837248e-01
5.524000000000000199e+01,1.391689753846100108e-01
5.525999999999999801e+01,3.009046969260884552e-01
5.528000000000000114e+01,1.004259744197542603e-01
5.530000000000000426e+01,2.250219557878676835e-01
5.532000000000000028e+01,3.128433450476172384e-01
5.534000000000000341e+01,3.538151544613984956e-01
5.535999999999999943e+01,4.641192583465940102e-01
5.538000000000000256e+01,4.583504591928797001e-01
5.539999999999999858e+01,1.136800734398271340e+00
5.542000000000000171e+01,1.485065235350655266e+00
5.543999999999999773e+01,1.469141159455239043e+00
5.546000000000000085e+01,6.528905139406925295e-01
5.548000000000000398e+01,5.186322693314151522e-01
5.550000000000000000e+01,4.952661495729585722e-02
5.552000000000000313e+01,4.387564962673733415e-01
5.553999999999999915e+01,9.877985028457067496e-02
5.556000000000000227e+01,3.485264575685994570e-01
5.557999999999999829e+01,3.092297998955688687e-01
5.560000000000000142e+01,2.167248537228328720e-01
5.561999999999999744e+01,1.736556140374889146e-01
5.564000000000000057e+01,1.347296317108709618e-01
5.566000000000000369e+01,1.631041456541799939e-01
5.567999999999999972e+01,1.787895114113543793e-01
5.570000000000000284e+01,6.630495436182456959e-02
5.571999999999999886e+01,2.922901655100335616e-01
5.574000000000000199e+01,2.675525074234326728e-01
5.575999999999999801e+01,2.608030842848152453e-01
5.578000000000000114e+01,1.825711085290196989e-01
5.580000000000000426e+01,8.892078582277401777e-02
5.582000000000000028e+01,-2.883017727561552196e-02
5.584000000000000341e+01,8.894285582472523377e-02
5.585999999999999943e+01,1.741610986434135866e-01
5.588000000000000256e+01,2.545174912171822568e-01
5.589999999999999858e+01,3.596153025949778287e-02
5.592000000000000171e+01,2.924073170264045451e-01
5.593999999999999773e+01,2.867094728554418492e-01
5.596000000000000085e+01,2.459807437922126583e-01
5.598000000000000398e+01,1.419465040019157465e-01
5.600000000000000000e+01,-2.020047074764454512e-02
5.602000000000000313e+01,-5.609269525282996327e-02
5.603999999999999915e+01,1.993322152930439989e-02
5.606000000000000227e+01,3.114051266546028623e-02
5.607999999999999829e+01,-6.162757558137699904e-02
5.610000000000000142e+01,1.128174233609114674e-01
5.611999999999999744e+01,-2.055376498221452367e-02
5.614000000000000057e+01,2.506513975960812934e-01
5.616000000000000369e+01,1.169321102014055092e-01
5.617999999999999972e+01,1.975326405559222065e-01
5.620000000000000284e+01,4.598409411119760287e-02
5.621999999999999886e+01,3.025178017433106936e-03
5.624000000000000199e+01,-2.973670070101405716e-02
5.625999999999999801e+01,1.575215318552419530e-01
5.628000000000000114e+01,4.285057397329770229e-02
5.630000000000000426e+01,2.840610437210640549e-01
5.632000000000000028e+01,2.740237820022060067e-01
5.634000000000000341e+01,3.175476448034957877e-01
5.635999999999999943e+01,6.559650011077762521e-02
5.638000000000000256e+01,1.292451608729541512e-01
5.639999999999999858e+01,8.144148355515554161e-02
5.642000000000000171e+01,1.352469710770493883e-01
5.643999999999999773e+01,9.273756986596423668e-02
5.646000000000000085e+01,-6.554994106866764148e-02
5.648000000000000398e+01,1.161120796853616355e-01
5.650000000000000000e+01,-4.729588702952902679e-02
5.652000000000000313e+01,4.900711671661223123e-02
5.653999999999999915e+01,5.918668234074468681e-02
5.656000000000000227e+01,-4.172269701291756588e-02
5.657999999999999829e+01,9.695754339214610051e-02
5.660000000000000142e+01,9.359486337002402567e-02
5.661999999999999744e+01,4.827670968061556489e-02
5.664000000000000057e+01,1.088207542199046557e-01
5.666000000000000369e+01,1.402888514865748837e-01
5.667999999999999972e+01,2.468533853954170583e-03
5.670000000000000284e+01,2.538792539931392089e-01
5.671999999999999886e+01,2.635473018593130767e-01
5.674000000000000199e+01,1.373882011635015055e-02
5.675999999999999801e+01,1.094382927299239888e-01
5.678000000000000114e+01,1.550203000445747048e-01
5.680000000000000426e+01,9.999171097000036923e-02
5.682000000000000028e+01,4.946668791248835101e-02
5.684000000000000341e+01,1.608171130607410904e-02
5.685999999999999943e+01,7.968304470080943280e-02
5.688000000000000256e+01,1.343931724097231217e-01
5.689999999999999858e+01,1.418163166396770591e-01
5.692000000000000171e+01,3.107916612280934784e-02
5.693999999999999773e+01,3.798016544388944926e-02
5.696000000000000085e+01,3.278871622664290553e-01
5.698000000000000398e+01,1.021678205590110106e-01
5.700000000000000000e+01,1.342236072090228771e-01
5.702000000000000313e+01,-2.722093775466932764e-02
5.703999999999999915e+01,-3.511424609659793278e-02
5.706000000000000227e+01,-4.818989155778556632e-02
5.707999999999999829e+01,-2.804670476429668019e-02
5.710000000000000142e+01,-1.559189095765435573e-01
5.711999999999999744e+01,1.172041870580965983e-01
5.714000000000000057e+01,-2.979996664147880475e-02
5.716000000000000369e+01,1.892873586778027195e-01
5.717999999999999972e+01,3.178926967024457984e-01
5.720000000000000284e+01,6.748809910073701179e-02
5.721999999999999886e+01,9.560581875329082768e-02
5.724000000000000199e+01,4.331442627958037583e-01
5.725999999999999801e+01,2.798194055633354549e-01
5.728000000000000114e+01,2.574776941553279519e-01
5.730000000000000426e+01,3.381036643202211533e-01
5.732000000000000028e+01,4.859382116841553523e-01
5.734000000000000341e+01,1.551441268190891509e-01
5.735999999999999943e+01,1.770953506158402246e-01
5.738000000000000256e+01,3.881804101009865837e-01
5.739999999999999858e+01,4.206121415868446789e-01
5.742000000000000171e+01,1.001397878356196758e+00
5.743999999999999773e+01,1.964184435132110274e+00
5.746000000000000085e+01,2.897888151792441302e+00
5.748000000000000398e+01,2.678977904836921553e+00
5.750000000000000000e+01,2.184923799127172384e+00
5.752000000000000313e+01,1.405214649846907360e+00
5.753999999999999915e+01,7.414665855875181011e-01
5.756000000000000227e+01,6.810330981774476156e-01
5.757999999999999829e+01,4.068998397502161524e-01
5.760000000000000142e+01,4.581280964240015408e-01
5.761999999999999744e+01,4.982780875285903743e-01
5.764000000000000057e+01,5.879692463587880003e-01
5.766000000000000369e+01,6.920393018913418848e-01
5.767999999999999972e+01,7.679304241574163026e-01
5.770000000000000284e+01,1.355389048367761529e+00
5.771999999999999886e+01,2.136456454239694214e+00
5.774000000000000199e+01,3.960338065259601414e+00
5.775999999999999801e+01,4.790088353165425694e+00
5.778000000000000114e+01,3.799115913307616665e+00
5.780000000000000426e+01,2.502531898757994089e+00
5.782000000000000028e+01,1.230715655663134900e+00
5.784000000000000341e+01,1.009428150280169856e+00
5.785999999999999943e+01,5.677609347624554825e-01
5.788000000000000256e+01,2.593767152011294264e-01
5.789999999999999858e+01,2.015911735927503057e-01
5.792000000000000171e+01,2.040441282856538252e-01
5.793999999999999773e+01,8.723166222387741808e-02
5.796000000000000085e+01,3.156342949659141639e-01
5.798000000000000398e+01,1.615524646751338722e-01
5.800000000000000000e+01,2.787108457572804454e-01
5.802000000000000313e+01,3.405129555880728048e-02
5.803999999999999915e+01,3.500366862724968997e-01
5.806000000000000227e+01,1.549329694218700704e-01
5.807999999999999829e+01,9.650776606177295658e-02
5.810000000000000142e+01,3.474074758988301200e-03
5.812000000000000455e+01,2.178532130743157658e-01
5.814000000000000057e+01,1.210808890192646703e-01
5.816000000000000369e+01,3.286899171713352774e-01
5.817999999999999972e+01,7.482998798337461843e-02
5.820000000000000284e+01,3.860082232778827560e-01
5.821999999999999886e+01,3.582923172318010913e-02
5.824000000000000199e+01,1.217102778470862123e-01
5.825999999999999801e+01,3.542472050454366084e-01
5.828000000000000114e+01,-5.127117868410417667e-02
5.830000000000000426e+01,3.114234180414162112e-01
5.832000000000000028e+01,7.076255919292823160e-02
5.834000000000000341e+01,-6.170137326865401256e-02
5.835999999999999943e+01,1.717472197472395823e-01
5.838000000000000256e+01,3.491744302585110538e-02
5.839999999999999858e+01,-6.253294830842909269e-02
5.842000000000000171e+01,3.219091519977841376e-01
5.843999999999999773e+01,1.887137760709855783e-01
5.846000000000000085e+01,-1.067590184862561445e-03
5.848000000000000398e+01,8.204836783485601470e-02
5.850000000000000000e+01,2.120890685263844902e-02
5.852000000000000313e+01,2.004248948369490302e-01
5.853999999999999915e+01,7.402768194222594800e-02
5.856000000000000227e+01,-1.752571220622579223e-02
5.857999999999999829e+01,-6.206062304182710654e-02
5.860000000000000142e+01,6.807704222330050736e-02
5.862000000000000455e+01,-4.295308786540669166e-02
5.864000000000000057e+01,1.137069202524703254e-01
5.866000000000000369e+01,1.896366187041760021e-01
5.867999999999999972e+01,1.656557690656843551e-01
5.870000000000000284e+01,2.573576391213723280e-01
5.871999999999999886e+01,5.466156976909201937e-02
5.874000000000000199e+01,-9.270542326536806987e-02
5.875999999999999801e+01,1.491393132135010458e-01
5.878000000000000114e+01,1.917677196082687996e-01
5.880000000000000426e+01,1.009964247522026209e-01
5.882000000000000028e+01,-3.464252694358575801e-02
5.884000000000000341e+01,2.629905415687645021e-01
5.885999999999999943e+01,2.576477881795279923e-01
5.888000000000000256e+01,1.467879419239948580e-01
5.889999999999999858e+01,-9.523819980363869286e-02
5.892000000000000171e+01,1.152713724038018223e-01
5.893999999999999773e+01,-8.913728517540199514e-02
5.896000000000000085e+01,1.464847548105331354e-01
5.898000000000000398e+01,-3.674404425852240835e-02
5.900000000000000000e+01,1.527742563888373484e-01
5.902000000000000313e+01,2.398268093257727770e-03
5.903999999999999915e+01,1.479190022209219968e-01
5.906000000000000227e+01,8.623257552153970606e-02
5.907999999999999829e+01,2.632842253839824398e-01
5.910000000000000142e+01,9.778671305912059464e-02
5.912000000000000455e+01,1.732405010534797118e-01
5.914000000000000057e+01,3.323260781563705524e-02
5.916000000000000369e+01,2.118947115670158018e-02
5.917999999999999972e+01,1.404527019384034237e-01
5.920000000000000284e+01,2.571319157489700968e-01
5.921999999999999886e+01,-4.139200482962847663e-03
5.924000000000000199e+01,-3.775472331055024222e-02
5.925999999999999801e+01,-1.503028694148237920e-01
5.928000000000000114e+01,1.774364270798742538e-01
5.930000000000000426e+01,1.374402047292791751e-01
5.932000000000000028e+01,3.259694980034167494e-02
5.934000000000000341e+01,2.571629138232413014e-01
5.935999999999999943e+01,-2.745285894248503111e-02
5.938000000000000256e+01,2.493130054981873844e-01
5.939999999999999858e+01,1.431547348212726667e-01
5.942000000000000171e+01,1.820137881439851391e-01
5.943999999999999773e+01,2.089384242618964882e-01
5.946000000000000085e+01,3.432555335057969892e-02
5.948000000000000398e+01,-1.226495261444709578e-01
5.950000000000000000e+01,1.221254306437121739e-01
5.952000000000000313e+01,1.380156446401203663e-01
5.953999999999999915e+01,5.930845197301350125e-02
5.956000000000000227e+01,-3.739959422665729838e-03
5.957999999999999829e+01,8.843154375497705444e-02
5.960000000000000142e+01,3.291788163023420810e-01
5.962000000000000455e+01,3.923708192387940219e-01
5.964000000000000057e+01,6.322005112822797201e-01
5.966000000000000369e+01,6.695809360860549564e-01
5.967999999999999972e+01,8.478457008342293877e-01
5.970000000000000284e+01,6.370867349606759156e-01
5.971999999999999886e+01,4.421036807562255255e-01
5.974000000000000199e+01,1.190059846135530647e-01
5.975999999999999801e+01,5.382991567911890596e-02
5.978000000000000114e+01,9.762528289271621418e-02
5.980000000000000426e+01,3.202552166708609871e-01
5.982000000000000028e+01,2.596182964783316227e-01
5.984000000000000341e+01,1.869104006411332342e-01
5.985999999999999943e+01,5.655935300675303257e-01
5.988000000000000256e+01,6.894890448700311536e-01
5.989999999999999858e+01,1.068101359799533911e+00
5.992000000000000171e+01,2.192748799494433687e+00
5.993999999999999773e+01,3.769963486330305091e+00
5.996000000000000085e+01,3.348070876107953175e+00
5.998000000000000398e+01,2.107275649175410770e+00
6.000000000000000000e+01,1.194293253303998048e+00
6.002000000000000313e+01,5.075720010133368820e-01
6.003999999999999915e+01,4.857351277105128040e-01
6.006000000000000227e+01,1.541679319540687765e-01
6.007999999999999829e+01,3.692361172018539528e-01
6.010000000000000142e+01,1.552997181785207570e-01
6.012000000000000455e+01,4.912012814278480383e-02
6.014000000000000057e+01,1.431941735007955518e-01
6.016000000000000369e+01,1.057199440312647232e-01
6.017999999999999972e+01,1.086356544494561788e-01
6.020000000000000284e+01,4.250645140753214063e-02
6.021999999999999886e+01,1.515275493678841512e-01
6.024000000000000199e+01,2.848043010672713926e-01
6.025999999999999801e+01,2.274424042146498126e-01
6.028000000000000114e+01,2.559323450426485569e-01
6.030000000000000426e+01,4.081384896567475939e-01
6.032000000000000028e+01,1.305073208583227007e-01
6.034000000000000341e+01,2.079402158437691495e-01
6.035999999999999943e+01,1.695443668812017246e-01
6.038000000000000256e+01,5.342126452966915878e-02
6.039999999999999858e+01,1.848475845555131447e-01
6.042000000000000171e+01,1.324163571296775588e-01
6.043999999999999773e+01,1.156139870564521777e-01
6.046000000000000085e+01,-7.298490667946136434e-02
6.048000000000000398e+01,1.378556239876812528e-01
6.050000000000000000e+01,6.357240927286167409e-02
6.052000000000000313e+01,-1.242013646693717610e-01
6.053999999999999915e+01,7.232517172629807090e-02
6.056000000000000227e+01,2.512920634819285071e-01
6.057999999999999829e+01,-7.392646313978537553e-02
6.060000000000000142e+01,1.758066011474606173e-03
6.062000000000000455e+01,-2.999337685668027748e-02
6.064000000000000057e+01,2.209458865507210601e-01
6.066000000000000369e+01,8.090796671302446716e-03
6.067999999999999972e+01,-9.451090939384695910e-02
6.070000000000000284e+01,1.706314331157167408e-01
6.071999999999999886e+01,-5.422849862372397522e-02
6.074000000000000199e+01,1.582851781554699688e-01
6.075999999999999801e+01,1.091145265496082928e-01
6.078000000000000114e+01,6.886915557775026564e-02
6.080000000000000426e+01,1.800196834863438677e-01
6.082000000000000028e+01,3.148665580018581434e-01
6.084000000000000341e+01,1.363843822720893217e-01
6.085999999999999943e+01,2.309556939885202761e-02
6.088000000000000256e+01,-1.378648629117082587e-02
6.089999999999999858e+01,1.068301342921928465e-01
6.092000000000000171e+01,2.655797282274535709e-01
6.093999999999999773e+01,6.081027102692521807e-02
6.096000000000000085e+01,-1.659868074204442767e-01
6.098000000000000398e+01,7.539704260869792285e-02
6.100000000000000000e+01,2.192595333877571662e-01
6.102000000000000313e+01,2.422736297079513823e-01
6.103999999999999915e+01,1.097596271087839803e-01
6.106000000000000227e+01,4.104063279814041398e-01
6.107999999999999829e+01,4.086013812661717926e-01
6.110000000000000142e+01,5.087029886312762761e-01
6.112000000000000455e+01,1.122628109277390873e+00
6.114000000000000057e+01,1.931146243405218454e+00
6.116000000000000369e+01,2.003373938525091269e+00
6.117999999999999972e+01,1.482966695100029320e+00
6.120000000000000284e+01,9.168709225245210703e-01
6.121999999999999886e+01,8.311435559186475253e-01
6.124000000000000199e+01,4.093672247002362319e-01
6.125999999999999801e+01,2.607055768212630520e-01
6.128000000000000114e+01,3.043846974699261909e-01
6.130000000000000426e+01,1.380292097607904445e-01
6.132000000000000028e+01,9.312091758895545135e-02
6.134000000000000341e+01,1.045097910109405587e-01
6.135999999999999943e+01,2.627750777599104914e-01
6.138000000000000256e+01,1.195150862133886049e-01
6.139999999999999858e+01,6.589746229658648147e-02
6.142000000000000171e+01,3.804804232672429672e-04
6.143999999999999773e+01,1.777114900419444476e-01
6.146000000000000085e+01,8.965591658615276738e-02
6.148000000000000398e+01,1.200662360638034970e-02
6.150000000000000000e+01,-3.065177265412210791e-02
6.152000000000000313e+01,2.482272821926622963e-01
6.153999999999999915e+01,6.740844837065977646e-02
6.156000000000000227e+01,1.862714047389434358e-01
6.157999999999999829e+01,-1.387622609941102925e-01
6.160000000000000142e+01,3.013877841548934788e-01
6.162000000000000455e+01,-2.886141967943113909e-02
6.164000000000000057e+01,9.019072561563536150e-02
6.166000000000000369e+01,5.995722618001556037e-02
6.167999999999999972e+01,-4.701044326507786662e-03
6.170000000000000284e+01,1.595285896334398268e-01
6.171999999999999886e+01,1.291087627223971579e-01
6.174000000000000199e+01,-1.405402315866311758e-01
6.175999999999999801e+01,2.889195102908087009e-01
6.178000000000000114e+01,1.425829551582661614e-01
6.180000000000000426e+01,6.979310576048594617e-02
6.182000000000000028e+01,-1.076456251684954346e-01
6.184000000000000341e+01,-2.383772636743014886e-02
6.185999999999999943e+01,1.483205803947861834e-01
6.188000000000000256e+01,7.649468906207833319e-02
6.189999999999999858e+01,8.943169377565365896e-02
6.192000000000000171e+01,2.498280124280758407e-01
6.193999999999999773e+01,1.641344741197394708e-01
6.196000000000000085e+01,-4.794207262636836914e-02
6.198000000000000398e+01,3.594583532388743174e-01
6.200000000000000000e+01,2.686027497091112992e-01
6.202000000000000313e+01,2.496132265568350717e-01
6.203999999999999915e+01,7.739084511374663342e-03
6.206000000000000227e+01,1.074235830276577958e-01
6.207999999999999829e+01,6.535187362214842782e-03
6.210000000000000142e+01,-5.695304891393791064e-02
6.212000000000000455e+01,2.360553357901663263e-01
6.214000000000000057e+01,2.161358690998618493e-01
6.216000000000000369e+01,1.581032139114083024e-01
6.217999999999999972e+01,1.893366502976812915e-01
6.220000000000000284e+01,1.685380893036112770e-01
6.221999999999999886e+01,2.869174095905871469e-01
6.224000000000000199e+01,4.108431409140206325e-01
6.225999999999999801e+01,1.506302182739869822e-01
6.228000000000000114e+01,-2.107714877965519429e-01
6.230000000000000426e+01,2.172264549311947179e-01
6.232000000000000028e+01,1.915342707449900136e-02
6.234000000000000341e+01,1.632905085229791609e-01
6.235999999999999943e+01,3.581965238291800468e-01
6.238000000000000256e+01,3.884271000541716923e-01
6.239999999999999858e+01,1.431110876522129483e-01
6.242000000000000171e+01,2.773013656967571738e-01
6.243999999999999773e+01,3.877955732178964277e-01
6.246000000000000085e+01,3.175970704207858319e-01
6.248000000000000398e+01,6.171965199892913700e-01
6.250000000000000000e+01,9.196521273481103043e-01
6.252000000000000313e+01,2.218380108707648457e+00
6.253999999999999915e+01,2.103808434264855531e+00
6.256000000000000227e+01,1.524327744787395300e+00
6.257999999999999829e+01,1.563259140863009655e+00
6.260000000000000142e+01,1.011651668102464985e+00
6.262000000000000455e+01,1.210536019112699258e+00
6.264000000000000057e+01,1.604367583135251518e+00
6.266000000000000369e+01,2.191952589546141805e+00
6.267999999999999972e+01,4.077586386988720335e+00
6.270000000000000284e+01,6.976915114827406228e+00
6.271999999999999886e+01,8.869843736383211663e+00
6.274000000000000199e+01,7.398902624933106686e+00
6.275999999999999801e+01,4.239525353853986545e+00
6.278000000000000114e+01,2.306394276994697456e+00
6.280000000000000426e+01,1.412531548086301658e+00
6.282000000000000028e+01,9.794862464934890323e-01
6.284000000000000341e+01,4.477087239817220121e-01
6.285999999999999943e+01,3.821497491879007891e-01
6.288000000000000256e+01,2.181538838232144617e-01
6.289999999999999858e+01,2.004449543971798808e-01
6.292000000000000171e+01,3.699269071922222651e-01
6.293999999999999773e+01,3.532133704463782942e-01
6.296000000000000085e+01,2.618438129623459898e-01
6.298000000000000398e+01,4.591229517967510554e-01
6.300000000000000000e+01,1.307874727477300603e-01
6.302000000000000313e+01,2.751125426986394396e-01
6.303999999999999915e+01,1.051118881377616221e-01
6.306000000000000227e+01,7.269226682054331923e-02
6.307999999999999829e+01,2.677456606448442855e-01
6.310000000000000142e+01,4.455413408171228773e-01
6.312000000000000455e+01,2.601318560488078413e-01
6.314000000000000057e+01,3.161813863360091181e-01
6.316000000000000369e+01,1.158086945619576404e-02
6.317999999999999972e+01,1.400503033811374143e-01
6.320000000000000284e+01,1.240806353537228651e-01
6.321999999999999886e+01,2.208300029975774348e-01
6.324000000000000199e+01,1.878102471905415405e-01
6.325999999999999801e+01,3.404996618056114754e-01
6.328000000000000114e+01,1.583772017453845549e-01
6.330000000000000426e+01,1.117179362338362320e-01
6.332000000000000028e+01,2.166464246022021395e-02
6.334000000000000341e+01,4.722308474010314949e-01
6.335999999999999943e+01,1.360678319965784588e-01
6.338000000000000256e+01,3.111697313090140971e-01
6.339999999999999858e+01,3.302488303853997054e-01
6.342000000000000171e+01,1.317915320382282152e-01
6.343999999999999773e+01,3.179421020414231469e-01
6.346000000000000085e+01,3.123626212199670515e-01
6.348000000000000398e+01,-9.306812305780821915e-02
6.350000000000000000e+01,3.300130058138838751e-01
6.352000000000000313e+01,2.822015462347078341e-01
6.353999999999999915e+01,1.396613402978161278e-01
6.356000000000000227e+01,4.045555355466993741e-01
6.357999999999999829e+01,6.218028873506962206e-01
6.360000000000000142e+01,3.655030656967371838e-01
6.362000000000000455e+01,9.670315847995565317e-01
6.364000000000000057e+01,1.241855212823659960e+00
6.366000000000000369e+01,1.912340969695036641e+00
6.367999999999999972e+01,3.457283893011593889e+00
6.370000000000000284e+01,6.578785981935192595e+00
6.371999999999999886e+01,8.040738350120360423e+00
6.374000000000000199e+01,6.466887125602843511e+00
6.375999999999999801e+01,3.317586600906367700e+00
6.378000000000000114e+01,2.492044040465781762e+00
6.380000000000000426e+01,1.232442291724453964e+00
6.382000000000000028e+01,6.789625532654508522e-01
6.384000000000000341e+01,5.273500667497168504e-01
6.385999999999999943e+01,3.807392609836845465e-01
6.388000000000000256e+01,5.179764615729651744e-01
6.389999999999999858e+01,4.958456542369646391e-01
6.392000000000000171e+01,3.268436397287953210e-01
6.393999999999999773e+01,3.137321302877258411e-01
6.396000000000000085e+01,3.932798104690908292e-01
6.398000000000000398e+01,8.887563590193232610e-01
6.400000000000000000e+01,9.907259219972190945e-01
6.402000000000001023e+01,8.916075650912532735e-01
6.403999999999999204e+01,3.418686940772724947e-01
6.406000000000000227e+01,2.918977537469672479e-01
6.407999999999999829e+01,2.099433429733109369e-01
6.409999999999999432e+01,1.727384808449205500e-01
6.412000000000000455e+01,1.137077615448091328e-01
6.414000000000000057e+01,2.731666807360056404e-01
6.415999999999999659e+01,5.840224211392736411e-03
6.418000000000000682e+01,2.938917306026975762e-01
6.420000000000000284e+01,1.475484723672177700e-01
6.421999999999999886e+01,1.165635119918705942e-01
6.424000000000000909e+01,-2.534010660814515255e-03
6.425999999999999091e+01,3.225960037714035167e-01
6.428000000000000114e+01,3.322411695376550900e-01
6.430000000000001137e+01,3.638631638953939706e-01
6.431999999999999318e+01,1.833644574174220221e-01
6.434000000000000341e+01,1.047587399953147369e-01
6.435999999999999943e+01,4.211395542193426822e-01
6.437999999999999545e+01,3.255908693361594941e-01
6.440000000000000568e+01,2.625853956349900598e-01
6.442000000000000171e+01,1.218083881232440990e-01
6.443999999999999773e+01,2.705877984626331445e-01
6.446000000000000796e+01,4.180532990086524570e-01
6.448000000000000398e+01,2.430672349517816189e-01
6.450000000000000000e+01,3.456980350604157426e-01
6.452000000000001023e+01,2.378682245452883870e-01
6.453999999999999204e+01,2.164637700485098071e-01
6.456000000000000227e+01,4.431759130666966251e-01
6.457999999999999829e+01,4.529593468388414257e-01
6.459999999999999432e+01,6.628723276330195091e-01
6.462000000000000455e+01,7.836524228185540730e-01
6.464000000000000057e+01,1.421275448109526662e+00
6.465999999999999659e+01,2.896239766909944890e+00
6.468000000000000682e+01,4.241136024282972095e+00
6.470000000000000284e+01,6.578254322352723449e+00
6.471999999999999886e+01,7.344122736600724899e+00
6.474000000000000909e+01,5.192726524133018273e+00
6.475999999999999091e+01,3.753349894005179266e+00
6.478000000000000114e+01,1.738097745109927761e+00
6.480000000000001137e+01,1.329685780485481583e+00
6.481999999999999318e+01,8.759232510854266796e-01
6.484000000000000341e+01,7.483020130982126483e-01
6.485999999999999943e+01,4.590567703640233144e-01
6.487999999999999545e+01,4.917813643349123187e-01
6.490000000000000568e+01,5.450689493679964359e-01
6.492000000000000171e+01,5.321319443609126010e-01
6.493999999999999773e+01,3.673528018976202625e-01
6.496000000000000796e+01,4.560236471307873574e-01
6.498000000000000398e+01,5.284077475274490121e-01
6.500000000000000000e+01,7.193822754778151918e-01
6.502000000000001023e+01,2.202883338017317671e-01
6.503999999999999204e+01,6.538134391587788752e-01
6.506000000000000227e+01,9.465407421252384212e-01
6.507999999999999829e+01,9.677224355859761484e-01
6.509999999999999432e+01,1.877673439457296034e+00
6.512000000000000455e+01,3.012831869650820060e+00
6.514000000000000057e+01,5.520131827089401533e+00
6.515999999999999659e+01,7.572735774694680622e+00
6.518000000000000682e+01,6.987044864330410832e+00
6.520000000000000284e+01,4.561480564236025437e+00
6.521999999999999886e+01,2.289607142481663526e+00
6.524000000000000909e+01,1.390556350772224947e+00
6.525999999999999091e+01,9.779813803605520439e-01
6.528000000000000114e+01,6.458362275592844925e-01
6.530000000000001137e+01,6.136684596782975287e-01
6.531999999999999318e+01,5.911968164191810926e-01
6.534000000000000341e+01,3.553227995832864416e-01
6.535999999999999943e+01,7.549871083841387387e-01
6.537999999999999545e+01,3.507315851799213680e-01
6.540000000000000568e+01,3.999172657226614525e-01
6.542000000000000171e+01,5.072902274127668587e-01
6.543999999999999773e+01,8.980650701328539709e-01
6.546000000000000796e+01,7.997767188885571699e-01
6.548000000000000398e+01,6.731975595642025745e-01
6.550000000000000000e+01,6.862831622977564328e-01
6.552000000000001023e+01,1.217391793121879617e+00
6.553999999999999204e+01,1.891812605576919104e+00
6.556000000000000227e+01,3.350016855223658663e+00
6.557999999999999829e+01,7.100883340639390084e+00
6.559999999999999432e+01,9.865498919499344765e+00
6.562000000000000455e+01,1.002424904255297200e+01
6.564000000000000057e+01,7.419482630557490133e+00
6.565999999999999659e+01,4.069397988850285586e+00
6.568000000000000682e+01,2.912189620559577641e+00
6.570000000000000284e+01,1.626186148338057746e+00
6.571999999999999886e+01,1.492096049275351666e+00
6.574000000000000909e+01,1.119539192772603275e+00
6.575999999999999091e+01,1.174944103449799604e+00
6.578000000000000114e+01,1.608622772041172766e+00
6.580000000000001137e+01,1.785289383167600663e+00
6.581999999999999318e+01,3.531513308289392583e+00
6.584000000000000341e+01,6.454575053243240212e+00
6.585999999999999943e+01,9.369422800066121937e+00
6.587999999999999545e+01,1.284853772669192296e+01
6.590000000000000568e+01,1.013925727064274085e+01
6.592000000000000171e+01,5.999020850228586887e+00
6.593999999999999773e+01,3.337788991804990779e+00
6.596000000000000796e+01,1.806117217243573991e+00
6.598000000000000398e+01,1.191177178100109257e+00
6.600000000000000000e+01,7.974723816340502092e-01
6.602000000000001023e+01,8.114472296832599962e-01
6.603999999999999204e+01,5.408714059177591738e-01
6.606000000000000227e+01,4.917239783281921461e-01
6.607999999999999829e+01,5.909720595548592081e-01
6.609999999999999432e+01,2.721518737465082327e-01
6.612000000000000455e+01,3.860624485067692957e-01
6.614000000000000057e+01,3.304033836333991059e-01
6.615999999999999659e+01,2.109585002560462885e-01
6.618000000000000682e+01,3.611063918403627504e-01
6.620000000000000284e+01,3.675982995814309207e-01
6.621999999999999886e+01,2.059316097598288264e-01
6.624000000000000909e+01,2.278217097871087504e-01
6.625999999999999091e+01,2.045776113360283366e-01
6.628000000000000114e+01,2.888378384689672118e-01
6.630000000000001137e+01,1.772012177587709014e-01
6.631999999999999318e+01,1.506017509559917089e-01
6.634000000000000341e+01,4.183294177444624729e-01
6.635999999999999943e+01,2.526975707509633851e-01
6.637999999999999545e+01,2.613653856097873374e-01
6.640000000000000568e+01,9.793301144250625423e-02
6.642000000000000171e+01,1.416719879334186749e-01
6.643999999999999773e+01,2.237818226611218986e-01
6.646000000000000796e+01,1.383142835787439830e-02
6.648000000000000398e+01,2.741518565118292727e-01
6.650000000000000000e+01,2.820641863555358175e-01
6.652000000000001023e+01,2.723751806929913255e-01
6.653999999999999204e+01,6.487979752028061320e-02
6.656000000000000227e+01,1.227497580098491359e-01
6.657999999999999829e+01,2.773443754302455377e-01
6.659999999999999432e+01,1.050274269191138199e-01
6.662000000000000455e+01,1.722482692930433212e-01
6.664000000000000057e+01,1.625040574333637411e-01
6.665999999999999659e+01,2.870895117056075641e-02
6.668000000000000682e+01,2.900736510511540689e-01
6.670000000000000284e+01,2.209501877507538958e-01
6.671999999999999886e+01,5.451702996308750021e-02
6.674000000000000909e+01,1.487246432252692929e-01
6.675999999999999091e+01,1.889749540619956036e-02
6.678000000000000114e+01,4.192131405356551432e-02
6.680000000000001137e+01,9.837153939207678166e-02
6.681999999999999318e+01,2.299040923516368351e-01
6.684000000000000341e+01,2.103199294263569386e-01
6.685999999999999943e+01,1.127382781796173877e-01
6.687999999999999545e+01,2.805688328821026034e-01
6.690000000000000568e+01,1.727553480163472044e-01
6.692000000000000171e+01,1.267863873802443642e-01
6.693999999999999773e+01,5.870380858189374468e-02
6.696000000000000796e+01,4.243029108806533473e-02
6.698000000000000398e+01,2.297758432106412341e-01
6.700000000000000000e+01,-3.241264795180717750e-02
6.702000000000001023e+01,2.296583038488791695e-01
6.703999999999999204e+01,8.689380272649005477e-02
6.706000000000000227e+01,3.334612577764464181e-01
6.707999999999999829e+01,1.938881563496125393e-01
6.709999999999999432e+01,2.458542202735664317e-01
6.712000000000000455e+01,1.224819479245021353e-01
6.714000000000000057e+01,4.306469081215814725e-03
6.715999999999999659e+01,2.920689986941871763e-01
6.718000000000000682e+01,1.099928992741052575e-01
6.720000000000000284e+01,2.389906223475703473e-01
6.721999999999999886e+01,1.764577563965796514e-01
6.724000000000000909e+01,3.370455887087041580e-01
6.725999999999999091e+01,4.280537911455355449e-01
6.728000000000000114e+01,4.048377446257519496e-01
6.730000000000001137e+01,4.433743757192593615e-01
6.731999999999999318e+01,3.956624843227251609e-01
6.734000000000000341e+01,3.323766350575495521e-01
6.735999999999999943e+01,1.639112883118378772e-01
6.737999999999999545e+01,3.661530002699170394e-01
6.740000000000000568e+01,3.105307166837829591e-01
6.742000000000000171e+01,4.109204617800376602e-01
6.743999999999999773e+01,6.800535305182955348e-01
6.746000000000000796e+01,1.080911029244984611e+00
6.748000000000000398e+01,1.255151011192106481e+00
6.750000000000000000e+01,2.022316339487822301e+00
6.752000000000001023e+01,3.539240308267964430e+00
6.753999999999999204e+01,5.505620202151929377e+00
6.756000000000000227e+01,7.091583359348980764e+00
6.757999999999999829e+01,6.549480761388035255e+00
6.759999999999999432e+01,5.939744471704375250e+00
6.762000000000000455e+01,6.029565348883919818e+00
6.764000000000000057e+01,6.814179865125883140e+00
6.765999999999999659e+01,5.939000959759658471e+00
6.768000000000000682e+01,3.902036151559157950e+00
6.770000000000000284e+01,2.697263370695570650e+00
6.771999999999999886e+01,1.200940817055996535e+00
6.774000000000000909e+01,1.027092126445548592e+00
6.775999999999999091e+01,5.602063343940575368e-01
6.778000000000000114e+01,4.422454155747402305e-01
6.780000000000001137e+01,4.222487883115737528e-01
6.781999999999999318e+01,6.608219680521932871e-01
6.784000000000000341e+01,5.995225235492145366e-01
6.785999999999999943e+01,7.837781808821479013e-01
6.787999999999999545e+01,1.164690614603939078e+00
6.790000000000000568e+01,1.609075522168935235e+00
6.792000000000000171e+01,1.063545796821950606e+00
6.793999999999999773e+01,1.399188851241377485e+00
6.796000000000000796e+01,5.217000374155205122e-01
6.798000000000000398e+01,2.055917600542492008e-01
6.800000000000000000e+01,1.770091867787194351e-01
6.802000000000001023e+01,1.867028561714120793e-01
6.803999999999999204e+01,4.977895090260103794e-01
6.806000000000000227e+01,-3.052335472546566925e-02
6.807999999999999829e+01,3.962017335567548648e-01
6.809999999999999432e+01,2.066427677252790363e-01
6.812000000000000455e+01,8.502405735343636362e-02
6.814000000000000057e+01,3.276790725069699817e-01
6.815999999999999659e+01,9.743798882831467001e-02
6.818000000000000682e+01,1.426611276330093936e-01
6.820000000000000284e+01,1.839953423261200816e-01
6.821999999999999886e+01,1.569266832138207501e-01
6.824000000000000909e+01,4.688768948340427123e-01
6.825999999999999091e+01,3.948977419537982869e-01
6.828000000000000114e+01,7.762897290502999148e-01
6.830000000000001137e+01,5.190356135691759354e-01
6.831999999999999318e+01,7.130458878222781793e-01
6.834000000000000341e+01,8.927611883637029955e-01
6.835999999999999943e+01,2.168280619223924344e+00
6.837999999999999545e+01,3.490210859139660560e+00
6.840000000000000568e+01,7.006276980590834924e+00
6.842000000000000171e+01,1.013600633816397512e+01
6.843999999999999773e+01,1.050599845907933627e+01
6.846000000000000796e+01,7.741554371838391013e+00
6.848000000000000398e+01,5.103540722266024510e+00
6.850000000000000000e+01,2.832001055322743266e+00
6.852000000000001023e+01,1.646544752275449719e+00
6.853999999999999204e+01,8.891784360089768358e-01
6.856000000000000227e+01,9.974446894383630635e-01
6.857999999999999829e+01,7.848277098308988897e-01
6.859999999999999432e+01,4.143468731342312417e-01
6.862000000000000455e+01,2.097003396937408004e-01
6.864000000000000057e+01,3.592371371115727907e-01
6.865999999999999659e+01,1.522738618780941910e-01
6.868000000000000682e+01,3.011095837155957078e-01
6.870000000000000284e+01,2.169173915807205977e-01
6.871999999999999886e+01,3.674953460106022418e-01
6.874000000000000909e+01,5.426074329434978916e-01
6.875999999999999091e+01,2.370466633605205486e-01
6.878000000000000114e+01,3.245501676579858885e-01
6.880000000000001137e+01,4.178410166566612349e-01
6.881999999999999318e+01,2.767059511849276343e-02
6.884000000000000341e+01,2.327893740744399476e-01
6.885999999999999943e+01,1.747314000002994638e-01
6.887999999999999545e+01,1.140213687924520880e-01
6.890000000000000568e+01,9.135194788943350186e-02
6.892000000000000171e+01,2.346422855844083055e-01
6.893999999999999773e+01,2.115783366474948135e-01
6.896000000000000796e+01,1.071253966367033406e-01
6.898000000000000398e+01,2.711914716367333500e-01
6.900000000000000000e+01,1.085969974124621762e-02
6.902000000000001023e+01,3.833187759453621779e-01
6.903999999999999204e+01,6.629644631323176884e-02
6.906000000000000227e+01,3.505472748033476860e-01
6.907999999999999829e+01,1.291802875351908408e-01
6.909999999999999432e+01,2.331554948741149103e-01
6.912000000000000455e+01,5.803042680215322879e-04
6.914000000000000057e+01,2.614489966894943396e-01
6.915999999999999659e+01,2.532845274274538316e-01
6.918000000000000682e+01,3.038968936070957083e-01
6.920000000000000284e+01,8.855007956392178803e-02
6.921999999999999886e+01,1.179922160954855609e-02
6.924000000000000909e+01,1.856839714755547099e-01
6.925999999999999091e+01,3.877120316059374378e-02
6.928000000000000114e+01,-1.072443651038526395e-02
6.930000000000001137e+01,1.874762470502753242e-01
6.931999999999999318e+01,8.531961843049559735e-02
6.934000000000000341e+01,3.713122114528656370e-01
6.935999999999999943e+01,1.493840322890451766e-01
6.937999999999999545e+01,1.088375917538542403e-01
6.940000000000000568e+01,1.384049610061352520e-01
6.942000000000000171e+01,2.275603201419158783e-01
6.943999999999999773e+01,6.927293878944264238e-02
6.946000000000000796e+01,8.993815477847233453e-02
6.948000000000000398e+01,2.923782115510392132e-01
6.950000000000000000e+01,1.579078387582118492e-01
6.952000000000001023e+01,2.766850812378761626e-01
6.953999999999999204e+01,2.626084425439675907e-01
6.956000000000000227e+01,-1.035248488927592581e-01
6.957999999999999829e+01,1.730341580819935998e-01
6.959999999999999432e+01,1.906518962270888351e-01
6.962000000000000455e+01,1.586088663492898898e-01
6.964000000000000057e+01,3.152713128672979259e-01
6.965999999999999659e+01,5.357853127441538632e-01
6.968000000000000682e+01,6.163600235597750387e-01
6.970000000000000284e+01,1.689258012223099792e+00
6.971999999999999886e+01,2.422443367499457878e+00
6.974000000000000909e+01,2.701669427138468027e+00
6.975999999999999091e+01,2.387777408035701932e+00
6.978000000000000114e+01,1.322573449926490730e+00
6.980000000000001137e+01,8.812632781886385880e-01
6.981999999999999318e+01,5.582143909068850718e-01
6.984000000000000341e+01,3.585083113843958724e-01
6.985999999999999943e+01,1.435559820276599008e-01
6.987999999999999545e+01,3.123036271291308452e-01
6.990000000000000568e+01,1.494834417048993280e-01
6.992000000000000171e+01,3.070306717461734891e-01
6.993999999999999773e+01,2.545845273695828137e-01
6.996000000000000796e+01,1.565053740386663783e-01
6.998000000000000398e+01,1.154393444601591323e-01
7.000000000000000000e+01,1.305972318349627459e-01
7.002000000000001023e+01,7.683137726037143900e-02
7.003999999999999204e+01,2.426676236529454467e-01
7.006000000000000227e+01,4.657983590257495643e-01
7.007999999999999829e+01,2.904685623279478629e-02
7.009999999999999432e+01,5.747474449549870579e-02
7.012000000000000455e+01,8.844057737807393960e-02
7.014000000000000057e+01,1.495755676971927649e-02
7.015999999999999659e+01,-3.621654210161334014e-02
7.018000000000000682e+01,7.684044146095603267e-02
7.020000000000000284e+01,1.778119065548723066e-01
7.021999999999999886e+01,3.386553094383997764e-01
7.024000000000000909e+01,2.291965887497041665e-01
7.025999999999999091e+01,8.050384639149205102e-02
7.028000000000000114e+01,1.181956066846093778e-01
7.030000000000001137e+01,2.628886250073011466e-01
7.031999999999999318e+01,1.746453805656872360e-01
7.034000000000000341e+01,1.920049492668127467e-01
7.035999999999999943e+01,-1.821884519264080696e-02
7.037999999999999545e+01,1.488522650230869604e-01
7.040000000000000568e+01,1.272993910202659396e-01
7.042000000000000171e+01,2.125287418155577812e-01
7.043999999999999773e+01,3.240519436174106593e-02
7.046000000000000796e+01,4.124139342619510540e-01
7.048000000000000398e+01,4.625069641338445670e-01
7.050000000000000000e+01,6.726158193642262084e-01
7.052000000000001023e+01,7.718266888818042792e-01
7.053999999999999204e+01,9.090425040498192333e-01
7.056000000000000227e+01,3.291522156909750807e-01
7.057999999999999829e+01,1.959085849489749509e-01
7.059999999999999432e+01,2.953557261410491575e-01
7.062000000000000455e+01,2.661511727448864773e-01
7.064000000000000057e+01,1.204196254530742055e-01
7.065999999999999659e+01,-3.494019481686879564e-02
7.068000000000000682e+01,3.174092805718950472e-01
7.070000000000000284e+01,3.613480616759418007e-02
7.071999999999999886e+01,-3.893334706966952025e-02
7.074000000000000909e+01,1.111648163710019233e-01
7.075999999999999091e+01,2.243548913553514157e-02
7.078000000000000114e+01,2.618049700789809586e-01
7.080000000000001137e+01,1.640544900644074766e-01
7.081999999999999318e+01,6.784549827777908160e-02
7.084000000000000341e+01,1.363772382691502867e-02
7.085999999999999943e+01,7.604095476107913809e-02
7.087999999999999545e+01,-3.462133625795949660e-02
7.090000000000000568e+01,1.649369453951381737e-01
7.092000000000000171e+01,2.301938759074816931e-01
7.093999999999999773e+01,1.723814679478264111e-01
7.096000000000000796e+01,1.584705437166454844e-01
7.098000000000000398e+01,1.882106551844273459e-02
7.100000000000000000e+01,3.471102053637311058e-01
7.102000000000001023e+01,7.104278808233321918e-02
7.103999999999999204e+01,1.728977418605697203e-01
7.106000000000000227e+01,2.346831403570652508e-02
7.107999999999999829e+01,2.285370983555163604e-01
7.109999999999999432e+01,1.249045834939261496e-01
7.112000000000000455e+01,-7.566973478662679387e-02
7.114000000000000057e+01,-3.697452564503419387e-02
7.115999999999999659e+01,8.438172333536747560e-02
7.118000000000000682e+01,7.706318359340179336e-02
7.120000000000000284e+01,8.021754506401449283e-03
7.121999999999999886e+01,4.698463963203330235e-02
7.124000000000000909e+01,1.938364406378939031e-01
7.125999999999999091e+01,2.156468547775705902e-01
7.128000000000000114e+01,1.859462883490126117e-01
7.130000000000001137e+01,2.486040173362967232e-01
7.131999999999999318e+01,3.967099152294153996e-01
7.134000000000000341e+01,6.859809561753057450e-01
7.135999999999999943e+01,9.202192064273264638e-01
7.137999999999999545e+01,9.614929322041545490e-01
7.140000000000000568e+01,7.363824637085288893e-01
7.142000000000000171e+01,3.508919339153370176e-01
7.143999999999999773e+01,3.960467974472072217e-01
7.146000000000000796e+01,1.856122877884183175e-01
7.148000000000000398e+01,2.677355477528856401e-02
7.150000000000000000e+01,8.643184278232232676e-02
7.152000000000001023e+01,1.066897479419304795e-01
7.153999999999999204e+01,1.894442583389194246e-01
7.156000000000000227e+01,9.124490373296242907e-02
7.157999999999999829e+01,8.007373246363027122e-03
7.159999999999999432e+01,-2.376424794504160970e-02
7.162000000000000455e+01,1.436908446104317172e-01
7.164000000000000057e+01,2.001066087225533419e-01
7.165999999999999659e+01,1.534349286808353863e-01
7.168000000000000682e+01,1.125855815424378070e-01
7.170000000000000284e+01,7.154583720477963871e-02
7.171999999999999886e+01,-4.893108309187156613e-02
7.174000000000000909e+01,2.196479753572207205e-01
7.175999999999999091e+01,1.016388273870858783e-01
7.178000000000000114e+01,-5.049666702535875878e-02
7.180000000000001137e+01,-2.070681599870616979e-02
7.181999999999999318e+01,-3.719215129408690035e-02
7.184000000000000341e+01,1.207927336680167107e-01
7.185999999999999943e+01,2.865083797612853478e-01
7.187999999999999545e+01,-3.601252984319713163e-02
7.190000000000000568e+01,-4.065595630699905816e-02
7.192000000000000171e+01,6.199903958975871293e-02
7.193999999999999773e+01,6.878277542624483543e-02
7.196000000000000796e+01,1.401084981830676701e-01
7.198000000000000398e+01,1.415243934349676158e-01
7.200000000000000000e+01,1.995644861090565061e-02
7.202000000000001023e+01,1.314761133897066614e-01
7.203999999999999204e+01,1.140354076226409996e-01
7.206000000000000227e+01,1.870664877685867811e-01
7.207999999999999829e+01,1.371884140256489359e-01
7.209999999999999432e+01,7.106598010254203124e-02
7.212000000000000455e+01,1.110933116974936463e-01
7.214000000000000057e+01,4.223320676638514515e-02
7.215999999999999659e+01,5.974288914422710289e-02
7.218000000000000682e+01,1.133089585572919916e-01
7.220000000000000284e+01,6.000271361586488605e-02
7.221999999999999886e+01,1.318912816693635637e-01
7.224000000000000909e+01,1.597545655230108719e-01
7.225999999999999091e+01,3.455485519627803787e-02
7.228000000000000114e+01,1.062953542356733505e-01
7.230000000000001137e+01,1.864407815659382128e-01
7.231999999999999318e+01,2.455460156179007647e-01
7.234000000000000341e+01,-2.953942415495421255e-03
7.235999999999999943e+01,1.753788156109859497e-01
7.237999999999999545e+01,2.596135839428503345e-01
7.240000000000000568e+01,2.842266025685015185e-01
7.242000000000000171e+01,3.647363474184318888e-02
7.243999999999999773e+01,1.418560093580366055e-01
7.246000000000000796e+01,8.012136325674378001e-02
7.248000000000000398e+01,2.013369758853788549e-01
7.250000000000000000e+01,4.961599578698299567e-02
7.252000000000001023e+01,-4.824994696355558443e-02
7.253999999999999204e+01,1.701884658505257442e-01
7.256000000000000227e+01,7.512578515679181612e-02
7.257999999999999829e+01,1.602591228095737452e-01
7.259999999999999432e+01,9.863442257498333809e-02
7.262000000000000455e+01,1.355658773457633637e-01
7.264000000000000057e+01,9.581668213041696913e-02
7.265999999999999659e+01,2.418658688182123984e-01
7.268000000000000682e+01,2.890863466609523424e-01
7.270000000000000284e+01,1.761416213407538955e-01
7.271999999999999886e+01,1.431493043725572123e-01
7.274000000000000909e+01,4.163089725006270947e-01
7.275999999999999091e+01,3.306304985078557523e-01
7.278000000000000114e+01,4.812707139173978410e-01
7.280000000000001137e+01,8.709706846114615431e-01
7.281999999999999318e+01,1.117805956081978636e+00
7.284000000000000341e+01,1.162006226064242531e+00
7.285999999999999943e+01,6.563181389898151696e-01
7.287999999999999545e+01,5.382663936004874472e-01
7.290000000000000568e+01,4.122172791797881208e-01
7.292000000000000171e+01,8.915426439904022837e-02
7.293999999999999773e+01,3.559608501453311730e-02
7.296000000000000796e+01,1.629331352756966667e-01
7.298000000000000398e+01,7.114573310407590334e-02
7.300000000000000000e+01,7.447408295923897692e-02
7.302000000000001023e+01,3.227403812764718660e-01
7.303999999999999204e+01,-3.119078004585498082e-02
7.306000000000000227e+01,5.266750395542010551e-04
7.307999999999999829e+01,2.619340852747393256e-01
7.309999999999999432e+01,2.924024426753636385e-01
7.312000000000000455e+01,2.184196349636302326e-01
7.314000000000000057e+01,4.248991071812837639e-01
7.315999999999999659e+01,4.236904293431110746e-01
7.318000000000000682e+01,5.516179549281352568e-01
7.320000000000000284e+01,4.762915956811047402e-01
7.321999999999999886e+01,3.531012108884069023e-01
7.324000000000000909e+01,3.383457594706355542e-01
7.325999999999999091e+01,1.828770727466828838e-01
7.328000000000000114e+01,8.273636422820634939e-02
7.330000000000001137e+01,1.877754929706003939e-01
7.331999999999999318e+01,2.068869284241439399e-01
7.334000000000000341e+01,1.043233646988217800e-01
7.335999999999999943e+01,3.266445257986033690e-01
7.337999999999999545e+01,4.621245446049668804e-01
7.340000000000000568e+01,4.560784857472534037e-01
7.342000000000000171e+01,3.209477708562943898e-01
7.343999999999999773e+01,8.725380778943990778e-01
7.346000000000000796e+01,1.707079995218747648e+00
7.348000000000000398e+01,2.494809539150036670e+00
7.350000000000000000e+01,3.329673721998725799e+00
7.352000000000001023e+01,3.377390582647018302e+00
7.353999999999999204e+01,2.528254552961796797e+00
7.356000000000000227e+01,1.745686751326366970e+00
7.357999999999999829e+01,1.068649777927778377e+00
7.359999999999999432e+01,5.441871970739481368e-01
7.362000000000000455e+01,4.882377191159615881e-01
7.364000000000000057e+01,5.488546448303396330e-01
7.365999999999999659e+01,2.622623924413395313e-01
7.368000000000000682e+01,2.695142390653891828e-01
7.370000000000000284e+01,5.633322747883635628e-01
7.371999999999999886e+01,5.286665932527898071e-02
7.374000000000000909e+01,3.210950361002994913e-01
7.375999999999999091e+01,3.004841681728105951e-01
7.378000000000000114e+01,4.145582063060490041e-01
7.380000000000001137e+01,3.585018553636660221e-01
7.381999999999999318e+01,3.055883856906588814e-01
7.384000000000000341e+01,3.825190459696519163e-01
7.385999999999999943e+01,2.530461134282381286e-01
7.387999999999999545e+01,2.307815731829162831e-01
7.390000000000000568e+01,2.658463962973690586e-01
7.392000000000000171e+01,3.511645295989049842e-01
7.393999999999999773e+01,7.798201960460031668e-01
7.396000000000000796e+01,3.819146961326074230e-01
7.398000000000000398e+01,7.907424995477946306e-01
7.400000000000000000e+01,1.051866473844434324e+00
7.401999999999999602e+01,1.292808444525311851e+00
7.404000000000000625e+01,2.799475064524726609e+00
7.406000000000000227e+01,5.059447891724435209e+00
7.407999999999999829e+01,8.305321213944189651e+00
7.409999999999999432e+01,8.368653495010363486e+00
7.412000000000000455e+01,7.764706713217915279e+00
7.414000000000000057e+01,4.771792169857311805e+00
7.415999999999999659e+01,2.853783990006476756e+00
7.418000000000000682e+01,1.401469455869709613e+00
7.420000000000000284e+01,1.081711423389380977e+00
7.421999999999999886e+01,4.613378195278727834e-01
7.423999999999999488e+01,7.346121445741430334e-01
7.426000000000000512e+01,5.100703057317463873e-01
7.428000000000000114e+01,3.571481866189730736e-01
7.429999999999999716e+01,3.635896245837317298e-01
7.432000000000000739e+01,2.162509147602492687e-01
7.434000000000000341e+01,4.916307512677432490e-01
7.435999999999999943e+01,1.746843152463120052e-01
7.437999999999999545e+01,2.261643359146641441e-01
7.440000000000000568e+01,1.739572653734987040e-01
7.442000000000000171e+01,1.600397708386651907e-01
7.443999999999999773e+01,3.094004897581704716e-01
7.446000000000000796e+01,2.399229418966686844e-01
7.448000000000000398e+01,1.699329397081542070e-01
7.450000000000000000e+01,5.722060106218328224e-02
7.451999999999999602e+01,3.430285509322985593e-01
7.454000000000000625e+01,1.690651852857536774e-01
7.456000000000000227e+01,1.494313832153988941e-01
7.457999999999999829e+01,2.157725925869351767e-03
7.459999999999999432e+01,1.906648117405241498e-03
7.462000000000000455e+01,-5.886651943995286490e-02
7.464000000000000057e+01,3.700371443082950962e-01
7.465999999999999659e+01,1.581853568095192286e-01
7.468000000000000682e+01,3.296594705859904884e-01
7.470000000000000284e+01,1.586653001931133677e-01
7.471999999999999886e+01,8.164683970995570417e-02
7.473999999999999488e+01,3.966730704725120182e-02
7.476000000000000512e+01,3.072635271232069393e-02
7.478000000000000114e+01,2.346117937438642765e-03
7.479999999999999716e+01,3.049984451945990660e-01
7.482000000000000739e+01,1.733263000709114529e-02
7.484000000000000341e+01,5.870386839537620333e-02
7.485999999999999943e+01,2.014077552415490802e-01
7.487999999999999545e+01,-5.560046795474622716e-02
7.490000000000000568e+01,5.184397771324754378e-02
7.492000000000000171e+01,1.643661218014375314e-01
7.493999999999999773e+01,3.667608581325729200e-02
7.496000000000000796e+01,1.826766901123358655e-01
7.498000000000000398e+01,3.470487208007040636e-02
7.500000000000000000e+01,2.842379857622888140e-01
7.501999999999999602e+01,8.768342441437845802e-02
7.504000000000000625e+01,1.045627932456292264e-01
7.506000000000000227e+01,3.475043540260823738e-01
7.507999999999999829e+01,1.949972811599578471e-01
7.509999999999999432e+01,2.414338430850967443e-01
7.512000000000000455e+01,6.384115223355899538e-01
7.514000000000000057e+01,8.830646230017764609e-01
7.515999999999999659e+01,9.672973392591871500e-01
7.518000000000000682e+01,1.012116611610873518e+00
7.520000000000000284e+01,1.455308371094522268e+00
7.521999999999999886e+01,1.354196261075268026e+00
7.523999999999999488e+01,9.890829707911323876e-01
7.526000000000000512e+01,3.265740597929860378e-01
7.528000000000000114e+01,2.088584861260798509e-01
7.529999999999999716e+01,4.117551799365301024e-01
7.532000000000000739e+01,1.939335554588622057e-01
7.534000000000000341e+01,3.112174735841337636e-01
7.535999999999999943e+01,6.210050282577895403e-02
7.537999999999999545e+01,9.425381658047647659e-02
7.540000000000000568e+01,-4.067917936917497465e-03
7.542000000000000171e+01,1.546816485232654081e-01
7.543999999999999773e+01,2.654364546901405997e-01
7.546000000000000796e+01,1.660064323306285547e-03
7.548000000000000398e+01,2.051265823657024145e-01
7.550000000000000000e+01,-2.908463287964976191e-02
7.551999999999999602e+01,-6.570684818488689571e-02
7.554000000000000625e+01,5.551071652803715034e-02
7.556000000000000227e+01,2.482299058696006144e-01
7.557999999999999829e+01,-6.407156002671983430e-02
7.559999999999999432e+01,1.323990140041903241e-01
7.562000000000000455e+01,2.645919537466613902e-01
7.564000000000000057e+01,1.905288877961278660e-01
7.565999999999999659e+01,7.233799392946638207e-02
7.568000000000000682e+01,9.205555792814784644e-02
7.570000000000000284e+01,3.190865770956524128e-01
7.571999999999999886e+01,5.864430346533403005e-02
7.573999999999999488e+01,4.415466974287354102e-02
7.576000000000000512e+01,-4.602189268799684180e-02
7.578000000000000114e+01,2.849474363319591252e-01
7.579999999999999716e+01,1.724210930130619657e-01
7.582000000000000739e+01,4.714058963647947964e-01
7.584000000000000341e+01,2.827616249655837133e-02
7.585999999999999943e+01,5.983630188950735118e-02
7.587999999999999545e+01,5.444991872266352617e-01
7.590000000000000568e+01,1.512490002331599859e-01
7.592000000000000171e+01,3.917536686950262581e-01
7.593999999999999773e+01,6.904762338953083223e-01
7.596000000000000796e+01,4.822415546186449298e-01
7.598000000000000398e+01,3.563054805860685348e-01
7.600000000000000000e+01,6.933639547420622495e-01
7.601999999999999602e+01,6.766956873261238403e-01
7.604000000000000625e+01,1.026712737756106941e+00
7.606000000000000227e+01,1.604966654792080005e+00
7.607999999999999829e+01,2.853175004551538940e+00
7.609999999999999432e+01,4.596351018532407906e+00
7.612000000000000455e+01,4.465415538883580560e+00
7.614000000000000057e+01,3.697686080831664501e+00
7.615999999999999659e+01,2.517716667814446474e+00
7.618000000000000682e+01,1.181119398796474540e+00
7.620000000000000284e+01,8.382261810607978259e-01
7.621999999999999886e+01,3.891993520812807028e-01
7.623999999999999488e+01,6.331632440050655175e-01
7.626000000000000512e+01,1.639197785603276336e-01
7.628000000000000114e+01,2.910538762499195742e-01
7.629999999999999716e+01,5.975263240866888204e-01
7.632000000000000739e+01,1.805297695567986138e-01
7.634000000000000341e+01,5.580545744065863040e-02
7.635999999999999943e+01,2.314769061811353668e-01
7.637999999999999545e+01,6.173723004737339398e-02
7.640000000000000568e+01,3.704770462145361987e-01
7.642000000000000171e+01,1.891349013536994528e-01
7.643999999999999773e+01,2.086321466401317923e-02
7.646000000000000796e+01,1.621038108135273437e-01
7.648000000000000398e+01,2.975860483690039304e-01
7.650000000000000000e+01,3.432893096388595078e-01
7.651999999999999602e+01,8.786051414653028857e-01
7.654000000000000625e+01,7.623440279863830105e-01
7.656000000000000227e+01,6.516066044481039210e-01
7.657999999999999829e+01,5.211745816968504919e-01
7.659999999999999432e+01,4.060392539054161753e-01
7.662000000000000455e+01,3.750740599752140358e-01
7.664000000000000057e+01,3.147660151488195224e-01
7.665999999999999659e+01,1.132592336662996690e-01
7.668000000000000682e+01,2.470756957290484446e-01
7.670000000000000284e+01,3.692471703676254435e-01
7.671999999999999886e+01,4.565408929463871113e-01
7.673999999999999488e+01,5.607240237171378094e-01
7.676000000000000512e+01,6.959878985507057525e-01
7.678000000000000114e+01,9.513858833817880889e-01
7.679999999999999716e+01,1.433717239503197183e+00
7.682000000000000739e+01,2.863049431147866475e+00
7.684000000000000341e+01,5.244452025790521610e+00
7.685999999999999943e+01,6.289132065770199453e+00
7.687999999999999545e+01,5.778676663452034568e+00
7.690000000000000568e+01,4.394177516837811659e+00
7.692000000000000171e+01,2.729585286479404349e+00
7.693999999999999773e+01,1.652567294121014996e+00
7.696000000000000796e+01,8.707264856928895735e-01
7.698000000000000398e+01,7.054237580080393588e-01
7.700000000000000000e+01,4.942387531618939178e-01
7.701999999999999602e+01,4.300663241199960685e-01
7.704000000000000625e+01,5.262793517656124687e-01
7.706000000000000227e+01,3.684963096461403853e-01
7.707999999999999829e+01,3.619491961016607640e-01
7.709999999999999432e+01,4.166016950048102574e-01
7.712000000000000455e+01,2.883887543835314538e-01
7.714000000000000057e+01,2.244318918970578669e-01
7.715999999999999659e+01,4.539346633798332920e-01
7.718000000000000682e+01,5.431070915785223274e-01
7.720000000000000284e+01,2.277303304786365834e-01
7.721999999999999886e+01,5.308043511778398615e-01
7.723999999999999488e+01,4.868585221369859939e-01
7.726000000000000512e+01,1.976186291497572245e-01
7.728000000000000114e+01,3.108528435770206433e-01
7.729999999999999716e+01,4.342501086488552153e-01
7.732000000000000739e+01,2.944926244014850827e-02
7.734000000000000341e+01,2.487986274293954581e-01
7.735999999999999943e+01,2.068655798955894576e-01
7.737999999999999545e+01,6.221707405991905998e-02
7.740000000000000568e+01,-3.857319208791570170e-02
7.742000000000000171e+01,2.006445786637940099e-01
7.743999999999999773e+01,6.340568177051478238e-02
7.746000000000000796e+01,1.052315271459583756e-01
7.748000000000000398e+01,2.536092471218098082e-02
7.750000000000000000e+01,2.244491448431443770e-01
7.751999999999999602e+01,1.444701575990093023e-01
7.754000000000000625e+01,2.243994628554374926e-01
7.756000000000000227e+01,9.018954801572036384e-02
7.757999999999999829e+01,2.727242820200136975e-01
7.759999999999999432e+01,-8.340382666181897497e-02
7.762000000000000455e+01,9.034089661809810434e-02
7.764000000000000057e+01,8.379397137201080592e-02
7.765999999999999659e+01,2.659109165610932246e-01
7.768000000000000682e+01,3.288569989278016803e-01
7.770000000000000284e+01,1.042551581957239376e-01
7.771999999999999886e+01,3.807132174562094518e-01
7.773999999999999488e+01,8.046814386921516959e-01
7.776000000000000512e+01,8.177485987023367375e-01
7.778000000000000114e+01,1.014443290153122623e+00
7.779999999999999716e+01,8.079570841100573997e-01
7.782000000000000739e+01,8.988147263255592545e-01
7.784000000000000341e+01,7.800998077125260721e-01
7.785999999999999943e+01,1.005727887076077964e+00
7.787999999999999545e+01,9.507953657320757923e-01
7.790000000000000568e+01,1.785573815894172744e+00
7.792000000000000171e+01,2.722213068853863494e+00
7.793999999999999773e+01,3.587139420314728433e+00
7.796000000000000796e+01,3.963092779155680034e+00
7.798000000000000398e+01,2.986558078028117791e+00
7.800000000000000000e+01,1.795350053911092925e+00
7.801999999999999602e+01,1.294024073656998119e+00
7.804000000000000625e+01,6.381231808613774259e-01
7.806000000000000227e+01,5.900983653106340876e-01
7.807999999999999829e+01,2.958206739723074352e-01
7.809999999999999432e+01,3.994035446481697949e-01
7.812000000000000455e+01,1.527237458202670151e-01
7.814000000000000057e+01,1.428243164688942080e-01
7.815999999999999659e+01,6.901688888331768135e-02
7.818000000000000682e+01,1.618937211232124584e-01
7.820000000000000284e+01,1.687584315021393722e-01
7.821999999999999886e+01,2.835992705248957524e-01
7.823999999999999488e+01,7.353354414919584248e-02
7.826000000000000512e+01,3.157952191586382296e-01
7.828000000000000114e+01,1.397553223079553986e-01
7.829999999999999716e+01,5.156379175217566668e-02
7.832000000000000739e+01,2.494182203188125002e-01
7.834000000000000341e+01,1.413350413735161293e-01
7.835999999999999943e+01,7.755882671401215234e-02
7.837999999999999545e+01,2.872197564609142439e-01
7.840000000000000568e+01,-6.874736204387024707e-02
7.842000000000000171e+01,2.747540082954977869e-01
7.843999999999999773e+01,8.054224068483802068e-02
7.846000000000000796e+01,1.983867623474188380e-01
7.848000000000000398e+01,2.288198465302847817e-01
7.850000000000000000e+01,3.626222445240780412e-01
7.851999999999999602e+01,1.131670578345573691e-01
7.854000000000000625e+01,1.617176881707098612e-01
7.856000000000000227e+01,3.181440888750432516e-01
7.857999999999999829e+01,2.208610415828354268e-01
7.860000000000000853e+01,5.997456286289865740e-02
7.862000000000000455e+01,1.092125541760072954e-01
7.864000000000000057e+01,3.785496148360911195e-01
7.865999999999999659e+01,-1.534944665926859034e-02
7.868000000000000682e+01,2.095716163294239209e-01
7.870000000000000284e+01,1.062074090313284702e-01
7.871999999999999886e+01,3.093765747446584058e-01
7.873999999999999488e+01,4.189439928822666914e-01
7.876000000000000512e+01,3.183530746668861156e-01
7.878000000000000114e+01,4.451291447766368981e-01
7.879999999999999716e+01,6.615162867010730974e-01
7.882000000000000739e+01,1.595994321086937839e+00
7.884000000000000341e+01,2.388202194234880338e+00
7.885999999999999943e+01,2.688847155227543695e+00
7.887999999999999545e+01,2.309060032262613582e+00
7.890000000000000568e+01,1.660762474566274571e+00
7.892000000000000171e+01,1.237774987345255484e+00
7.893999999999999773e+01,7.312979497336016266e-01
7.896000000000000796e+01,5.175167960736007933e-01
7.898000000000000398e+01,3.393246246088184592e-01
7.900000000000000000e+01,4.216469112749761106e-01
7.901999999999999602e+01,4.139674064032561884e-01
7.904000000000000625e+01,2.128876658329803828e-01
7.906000000000000227e+01,6.468052975926749104e-01
7.907999999999999829e+01,9.020433852422479193e-01
7.910000000000000853e+01,6.793046548730736767e-01
7.912000000000000455e+01,1.142719046657468818e+00
7.914000000000000057e+01,1.064789469489355600e+00
7.915999999999999659e+01,3.557432323489215786e-01
7.918000000000000682e+01,3.730838039396388028e-01
7.920000000000000284e+01,1.657580428013855911e-01
7.921999999999999886e+01,3.332059433328579123e-01
7.923999999999999488e+01,2.449397535580871144e-01
7.926000000000000512e+01,2.746757321488204617e-01
7.928000000000000114e+01,6.589707432337518767e-02
7.929999999999999716e+01,2.877845050658166537e-01
7.932000000000000739e+01,3.144435916662905450e-01
7.934000000000000341e+01,3.142172041912209557e-01
7.935999999999999943e+01,1.025118620234149458e-01
7.937999999999999545e+01,2.555553943492955282e-01
7.940000000000000568e+01,4.849975110442507342e-02
7.942000000000000171e+01,9.481466000354842050e-02
7.943999999999999773e+01,6.729003680547611388e-02
7.946000000000000796e+01,2.061974777466645259e-01
7.948000000000000398e+01,2.464117285779862110e-01
7.950000000000000000e+01,4.639919770966521168e-02
7.951999999999999602e+01,1.458220422396746541e-01
7.954000000000000625e+01,1.208959790584602512e-01
7.956000000000000227e+01,3.093444339776131313e-01
7.957999999999999829e+01,8.268328383912433577e-02
7.960000000000000853e+01,3.662809480886071167e-01
7.962000000000000455e+01,1.104861328994278802e-01
7.964000000000000057e+01,3.623924851427959837e-01
7.965999999999999659e+01,4.173304899954382585e-01
7.968000000000000682e+01,6.622298591235872278e-01
7.970000000000000284e+01,6.594177316677505285e-01
7.971999999999999886e+01,1.073498659924075005e+00
7.973999999999999488e+01,1.821044298189772315e+00
7.976000000000000512e+01,2.942210829688439944e+00
7.978000000000000114e+01,3.202577670595794235e+00
7.979999999999999716e+01,2.552854497561538594e+00
7.982000000000000739e+01,1.484995182610565845e+00
7.984000000000000341e+01,9.970188108216329059e-01
7.985999999999999943e+01,5.825291778076663318e-01
7.987999999999999545e+01,2.645490805592398131e-01
7.990000000000000568e+01,7.742040872874240975e-02
7.992000000000000171e+01,1.642227794411684760e-01
7.993999999999999773e+01,2.318637063491316985e-01
7.996000000000000796e+01,2.676743928460713629e-01
7.998000000000000398e+01,2.018571664962322959e-02
8.000000000000000000e+01,2.989899360969735520e-01
